-1.0106 -0.20852
-0.40386 0.33544
0.58606 -0.086544
-3.1249 2.0106
1.0995 -1.7295
0.63665 -1.4215
0.11225 0.11551
-2.7142 0.83754
-1.8262 3.6063
-2.1543 2.2073
-0.16407 0.55364
4.0135 -3.7631
0.50694 1.1979
5.3189 -2.7507
3.1506 -3.8023
3.3792 -2.1455
-0.43026 -0.69164
0.79221 0.43074
-2.5931 3.4551
-1.1557 0.25289
-0.15989 2.1861
-2.8431 1.2289
-0.53072 0.41964
-2.5147 -0.25533
-1.8101 0.34973
-0.70284 0.10862
-3.565 2.9347
0.69721 -1.7482
-1.5931 1.83
0.49413 -1.9081
2.3391 -1.1176
1.227 -1.0929
1.7487 -1.3597
-2.0013 0.33688
-1.535 2.3287
1.4203 -4.0358
-5.9493 4.2713
0.81794 -1.7257
3.5443 -2.4668
-0.82534 -0.8415
0.00053835 -0.29346
1.4719 -0.26042
6.2423 -3.7872
0.30374 -1.5096
-0.27181 2.6175
1.048 -1.334
0.70502 -0.74633
-0.83522 -0.61683
-0.90767 1.7517
3.7756 -5.084
-4.0734 2.6459
-0.93922 1.1704
-1.3141 -0.9359
0.93482 -0.43479
-5.3223 5.4307
-0.37656 0.76541
-2.5175 -0.88189
2.2475 -2.9055
-2.4555 0.18884
-1.4281 1.9318
1.7101 -0.80484
-1.6918 1.9887
0.55232 0.02493
2.4547 -3.0662
-1.1148 0.89348
-0.19036 1.2087
-0.17596 3.1859
-1.1684 1.125
0.7278 -1.8844
2.0071 -3.0913
0.98463 0.36685
1.1294 -0.70877
1.526 1.1523
-0.12951 -1.2328
-2.3349 1.7172
-0.52616 0.10923
-1.3879 -0.35363
1.332 -1.0394
-3.8058 2.3986
-4.0187 5.4811
2.448 -0.89424
-0.6146 -0.53727
-1.804 2.8804
-1.9981 0.55252
0.39573 -1.7849
-1.1108 0.70153
0.29453 0.18762
4.21 -4.0532
0.62623 -1.7211
1.4677 -2.2632
3.5203 -3.6022
0.39632 -1.2386
4.2355 -3.5926
5.9381 -4.109
1.8798 -0.53243
0.055713 -0.41055
0.73387 -1.93
1.642 -2.2598
-1.1428 1.393
-0.13337 -0.91517
0.71241 -0.023551
1.2441 -0.71464
3.1931 -1.2875
-1.4147 0.35675
0.71896 -1.1363
-4.7419 4.147
-0.37466 3.7384
3.319 -1.6762
-0.31412 -1.7474
-0.29516 -1.2466
-1.432 0.30508
1.3336 -0.23361
-0.10734 1.8788
7.6207 -10.044
1.8107 0.016083
-0.55157 -0.67009
-1.8681 2.7367
2.5767 -2.434
3.0334 -4.0221
-0.55364 0.27402
-0.82566 1.994
3.371 -2.8334
-3.1291 2.3356
2.5594 -1.1629
1.9509 -0.19906
-1.7884 2.8267
4.2119 -2.8948
1.2841 -0.66493
0.53612 -1.6086
-1.7306 -0.72985
-0.93813 -1.1271
-1.9483 3.7485
0.45563 -0.95632
1.3369 0.59645
0.11018 -0.23842
-0.92283 1.7353
0.18285 1.4466
-0.27828 1.6763
-1.2615 -0.20625
3.9115 -4.9731
0.51129 -0.53992
1.1214 2.289
-0.65577 -0.19459
-1.4355 0.98244
0.5925 3.2071
2.8355 -2.6425
-0.78429 -2.1622
-0.18218 1.0134
1.0678 -0.95853
-2.0061 1.1282
-2.8508 1.9386
1.7082 -3.7736
0.35975 -1.024
-0.86387 0.73979
-0.26754 1.5807
0.078732 3.2077
0.57138 2.2679
-0.4646 0.7931
1.7145 -1.106
1.9186 -1.4529
-0.43694 0.94919
-0.44274 0.65536
-0.022854 0.94116
-3.2928 4.4101
2.0902 -0.25142
-1.9307 3.3352
3.4197 -2.3702
-0.296 0.32334
-1.8718 1.1931
-0.011994 -0.18219
1.11 -0.17001
0.93993 0.23807
-1.8318 2.1492
-5.4632 6.2783
-0.41677 0.71238
-0.41068 0.33322
-4.5151 4.1901
-1.2531 0.010876
3.4565 -1.4606
2.5735 -0.28982
-2.6671 2.427
0.33539 -1.0466
-2.9251 -0.33225
0.57937 0.56678
1.8545 -1.8581
-1.3543 2.231
3.5891 -2.1002
0.60506 -0.73583
-4.7256 4.0801
0.050505 0.056119
0.65636 0.79151
-0.10571 -1.3518
-0.25873 2.6078
0.18898 -1.4774
-4.2146 0.74992
0.92646 -0.92927
1.1276 0.52701
-1.3455 1.2062
4.8298 -4.5195
-1.4172 1.6044
-3.9509 3.5624
1.4336 -2.2452
1.9106 -0.14423
-0.26611 0.58994
-2.7147 0.63581
1.438 0.93147
1.4958 -0.96311
3.5332 -2.715
0.2246 0.10425
1.3267 -0.48283
-1.6825 3.4153
0.05694 -0.23583
-0.55972 0.090377
-0.45498 -0.93975
-0.67506 4.2349
-1.5405 1.3547
2.9173 -2.4326
0.51586 0.50365
1.2737 0.30938
1.1288 -0.099967
-3.183 0.66659
1.2275 -3.1619
0.077253 0.17765
0.43725 -1.3497
0.90948 -1.3775
0.19849 1.6121
-1.1115 -0.43275
-4.4625 3.4109
0.15824 -0.48859
1.3473 -1.8298
0.31235 -0.59683
0.99777 0.60434
2.4597 -2.1167
1.0684 0.64487
-1.6681 1.2699
2.8358 -1.225
-1.4663 -0.21356
1.8879 -2.8534
1.6093 -2.1163
-1.3112 1.2012
0.44392 0.74009
0.28561 -1.135
-1.7794 -0.42077
2.9239 -4.2367
-2.3488 -0.66823
-4.6769 3.4448
-1.7891 1.0088
4.164 -3.1679
-0.58165 -0.87426
-0.64802 2.4204
-2.4694 1.4293
-0.5438 -2.3548
-2.5263 0.43932
-2.1883 4.4187
-0.11117 -0.72859
-0.66317 -0.23289
2.3986 -4.183
2.0005 1.8368
0.96835 -1.3404
-3.5488 2.9178
1.6538 -3.4863
-5.4617 3.4751
-2.3486 2.5826
3.5527 -3.783
3.0897 -1.466
-4.9332 3.7574
0.020454 0.35079
-0.84699 1.237
-1.2292 0.88675
-0.70184 -0.26603
1.6179 -2.0272
1.2359 -0.22559
-0.56663 0.318
0.61626 -0.44521
-2.4806 0.53046
0.95291 -0.74409
2.0465 -3.1051
2.2955 -2.574
1.1681 -0.81425
0.12581 2.0251
-0.50893 0.92076
0.3151 1.6146
0.44565 1.2977
1.7907 0.49825
2.1391 -2.8183
1.4156 -1.7743
-1.6499 2.8513
-0.053151 -0.80164
-2.6387 2.8626
-1.7301 -1.5519
3.6005 -3.471
-0.89454 1.0131
-2.5325 1.5125
-1.0255 -0.16539
2.2516 -0.31112
0.25862 -2.5603
-0.39273 0.83164
0.8909 -1.7536
-1.4637 -0.29716
-2.9941 2.6799
-0.41999 2.2221
-0.43215 -0.20795
4.0913 -3.0156
0.70405 1.5644
4.944 -0.92357
2.0587 -1.3347
1.2655 -2.5633
-0.99668 -1.9261
1.075 -0.011258
-0.34178 1.0095
-1.4754 -0.17285
-0.71299 0.642
-3.5374 4.6386
-0.10793 -1.7451
-2.0037 2.0867
-2.2378 1.8736
-1.0025 -1.2828
2.8063 -0.87212
3.0447 -2.5912
-1.1847 2.5386
1.375 -3.1684
-1.2241 1.928
0.70806 1.4152
0.71379 -1.1301
1.9553 -3.0623
0.29876 -1.0877
-0.57399 1.7896
-1.9299 1.8752
2.3492 -3.0669
0.66673 -2.3719
0.95812 0.61275
2.0014 -2.7041
-2.1701 2.3095
0.77619 -0.53054
2.4461 -2.3512
3.3951 -2.9562
-2.5559 2.4996
-3.7284 4.8709
0.70028 1.2608
1.9579 -3.3461
0.48142 0.23313
1.4188 -0.36465
-0.053212 0.20606
-1.2179 3.323
-1.7172 -0.010462
1.2623 -0.6079
-2.8905 3.0629
0.68421 -1.2469
-0.46037 0.89752
-0.53816 -0.83723
2.7815 -2.0562
0.0022477 -0.023235
-0.4871 0.097872
0.56592 -2.2788
-4.4384 4.5012
2.6068 -2.4241
2.6401 0.36407
1.8667 -2.7706
4.4032 -2.3351
-0.1708 -2.1256
-3.5718 1.0934
-3.5139 3.7162
0.68282 -1.3144
2.1331 -2.5052
-0.57219 0.98836
-0.23874 0.041856
-3.5416 3.3227
-0.22114 1.7191
-1.6601 2.9769
-0.5873 0.68145
-0.29016 1.4054
0.062042 0.9488
1.3355 -0.46155
-0.71901 -0.87089
0.6688 1.4781
-1.0845 2.7734
-0.97265 3.9408
-0.28206 0.98388
2.8399 -2.3342
-1.7113 3.6583
-0.72139 4.1191
-2.2061 3.4829
-3.9296 2.4339
-1.85 2.9339
1.6744 -2.3971
-0.29735 1.3734
0.10752 -1.0669
-1.5823 -0.0095384
2.6531 -1.4666
1.8491 0.39354
-2.8839 2.0511
-1.801 0.82523
-1.8287 1.8202
4.0778 -3.7438
-0.25845 -1.2113
-1.6673 2.8004
-2.1608 0.33109
0.80919 1.3331
3.3566 -5.8166
-3.1036 0.59417
1.8907 -1.841
0.45743 -3.3821
0.32048 0.39847
-0.44497 -1.0328
-1.2181 0.81732
-0.098133 0.8024
1.3345 -2.376
1.5637 -0.3338
-1.4553 -1.5202
-2.5959 -0.62795
-2.2871 1.8728
-0.18387 -1.769
0.59911 0.50029
-0.41825 -0.73112
-0.56384 -0.22829
1.8329 0.95379
-0.47438 1.7537
0.90599 0.60224
-1.806 0.27117
-1.5535 0.33553
1.5877 -0.81347
0.82353 2.3306
-0.30777 -0.18588
1.2256 -1.9215
-0.80843 -0.82172
0.9734 -0.54459
1.3886 -0.80716
1.0231 0.7647
-0.091068 -1.2883
-3.0895 4.8822
0.51629 -0.10331
2.9632 -1.2228
-0.13185 1.3202
2.7018 -2.7544
0.45461 -1.9076
0.59479 -0.83672
2.3135 -3.6556
-1.5171 2.009
-0.91896 3.8748
1.7223 -0.73709
2.7658 0.19559
-0.64319 0.61041
1.9828 -0.28736
-0.57146 0.41827
-1.4392 2.8887
-0.7492 -0.66918
-2.0582 3.4698
2.4076 -1.7023
-1.7555 4.2999
-1.6598 2.3912
-0.91815 2.4416
-4.8824 3.1728
0.5102 -1.2348
-1.5607 1.5899
-0.70268 1.6132
1.6331 -2.3555
2.5347 -2.3143
-5.603 5.0986
0.52647 1.3562
1.9425 0.52183
1.9486 -0.29143
1.5037 -1.1488
-0.81765 1.873
-1.0071 0.32641
-3.1787 -0.098777
-3.1626 3.6822
5.1449 -3.226
-1.5512 1.5617
0.99727 -1.9999
-1.6456 3.3504
0.42532 -0.16514
1.2136 0.61001
-3.0487 4.1697
-1.3254 0.53261
1.1804 -1.2388
3.4167 -2.0384
3.8758 -2.8409
-0.13675 -0.35624
-1.4836 1.6988
0.31174 -0.26503
0.10226 -0.34179
-3.0891 2.0404
3.0739 -2.6597
-1.8834 2.2032
-3.7053 4.1133
0.28493 -1.3374
1.9685 0.55805
0.28467 1.0844
-2.1775 2.5057
0.49884 -0.090224
-1.4514 1.6248
0.25023 -0.98077
2.4169 -0.65286
-2.0528 0.87672
1.5587 0.91564
0.47056 0.64721
-2.8411 5.4977
2.6825 -0.97017
-0.85809 -0.31362
0.91929 -0.97537
