-0.15891 0.42309
0.26199 -0.16082
-0.56573 0.13559
-0.21388 -0.4074
-0.54111 -0.056256
-0.31005 -0.40146
0.24336 0.46071
0.19096 0.4358
0.035916 0.5946
-0.22091 0.52825
-0.052977 0.01586
-0.067754 0.28655
0.52359 -0.059906
-0.22524 0.14871
-0.069603 -0.29568
-0.058361 -0.43541
-0.28821 0.2227
-0.37648 -0.35011
-0.50659 0.20081
0.30327 -0.49515
0.17037 -0.30021
-0.28297 -0.1689
0.22843 -0.21652
0.49347 0.31649
0.074291 0.097276
-0.24288 0.25328
0.37421 -0.091014
-0.082685 0.10194
-0.12809 -0.091474
0.27914 -0.13273
0.35041 0.27027
0.11486 -0.28035
-0.42551 -0.028708
-0.32784 -0.21428
-0.026682 -0.2697
0.1771 0.5568
-0.048696 -0.48048
-0.32409 -0.13856
-0.16717 0.074624
-0.35056 0.31056
0.008699 -0.024227
-0.22004 -0.25886
0.36828 0.067256
-0.44893 -0.13779
0.48296 -0.15112
-0.59259 -0.031788
0.38075 -0.4595
0.23795 -0.53946
-0.26393 -0.074885
-0.038303 0.229
-0.1129 0.54027
-0.42805 -0.26645
0.42337 -0.020924
0.49251 -0.33839
0.31857 -0.23584
-0.29562 -0.30036
0.36286 0.15997
0.18147 -0.41183
-0.003976 0.26278
0.28519 -0.055628
0.21956 0.11732
-0.44432 0.007909
0.089246 0.037246
-0.2574 0.098966
-0.1323 -0.46597
0.013065 -0.50833
0.28071 -0.33568
-0.18483 -0.069587
-0.22481 0.020257
0.23243 0.41209
0.10773 -0.53644
0.29019 -0.33068
0.33753 -0.072562
0.27466 -0.31294
0.56901 0.17211
