-3.652000 5.063400 
-4.420700 9.191700 
-3.774500 10.305000 
-3.305100 7.876500 
-1.737000 8.009100 
-2.999000 6.556800 
-4.204600 7.144600 
-4.358800 10.457000 
-5.441300 9.227600 
-2.878900 9.299700 
-6.596600 11.217000 
-4.445900 6.014400 
-3.136300 7.981900 
-2.635900 6.335600 
-2.874700 7.061300 
-1.389700 7.213400 
-5.011800 10.516000 
-3.376900 9.955200 
-3.496700 8.392700 
-1.053300 8.947300 
-3.938700 9.566900 
-5.525300 11.322000 
-2.238400 8.129200 
-3.115500 8.371100 
-3.226000 7.012500 
-1.079600 6.125300 
-2.822400 6.975200 
-2.294600 7.204700 
-4.099500 10.231000 
-4.269300 10.412000 
-4.421300 13.177000 
-3.120600 10.067000 
-2.732300 6.749300 
-2.749200 7.702400 
-4.217400 9.606300 
-3.575700 8.840300 
0.111070 7.065900 
-3.433800 7.682300 
-0.646100 3.867200 
-2.934700 8.471800 
-3.212500 8.229900 
-4.235900 9.750300 
-2.263400 6.327600 
-4.034200 6.055800 
-4.683800 9.906000 
-3.605100 8.922900 
-1.652800 3.670200 
-4.545500 11.663000 
-0.424860 3.788000 
-2.603600 5.966500 
-2.519200 7.614200 
-0.177260 8.539200 
-1.842600 4.779100 
-2.417300 6.607400 
-3.629100 6.302200 
-3.398100 9.727100 
1.001500 2.084600 
-2.348100 10.183000 
-1.125900 6.948100 
-4.730100 7.404900 
-4.356100 7.793500 
-3.885100 8.477300 
-2.616200 7.677200 
-5.344900 9.328200 
-2.913600 8.581300 
-1.734600 5.955800 
-2.521700 7.648900 
0.033679 5.246400 
-2.058800 6.386900 
-5.901200 11.073000 
-5.664000 11.911000 
-1.999700 4.237200 
-3.722500 5.988700 
-0.166800 4.568400 
-1.254400 5.797000 
-0.903350 5.444400 
-5.473500 8.431500 
0.666330 4.556800 
-2.869700 9.167700 
-3.537900 8.610400 
-0.611310 4.137700 
-1.972400 5.497000 
-2.172600 10.404000 
-3.325300 5.416500 
-4.110600 7.383200 
-1.529300 6.760300 
-6.034200 10.866000 
-3.760900 7.315100 
-4.426200 5.669800 
-3.323000 8.663000 
-3.621400 9.839000 
-0.792990 4.274500 
-2.047500 8.010300 
-2.532900 6.547400 
-0.165570 2.418800 
-1.717900 7.235800 
-2.179600 6.978700 
-3.051900 7.690300 
1.368000 2.333000 
-4.372000 9.344300 
-2.134100 7.844100 
-1.745600 7.254700 
-2.605400 7.428800 
-3.163100 5.805200 
-4.799300 13.418000 
0.157810 5.336700 
-1.409300 4.449900 
-1.943400 8.348700 
-3.757900 9.691700 
-2.878000 8.861200 
-2.079100 6.831800 
-2.811300 9.558500 
-2.191800 7.971500 
-4.314800 8.804200 
-2.966400 8.420300 
-3.124100 8.042000 
0.188210 7.745400 
-3.789200 6.245900 
-2.966700 8.698100 
-0.582410 3.329800 
-3.342600 9.687100 
-4.113600 8.686100 
-3.701700 8.340500 
-0.276990 4.632200 
-4.958600 10.051000 
-4.877900 9.622600 
-1.929000 8.103600 
-5.503900 10.893000 
-3.224800 8.788000 
-3.208000 6.635500 
-4.024800 10.084000 
-3.288500 7.161800 
-1.454400 4.489800 
-2.965200 9.178700 
-0.047233 2.628300 
-1.317200 7.120200 
-3.624000 8.243000 
-2.621700 9.092700 
-3.789900 8.846400 
-2.553400 10.114000 
-4.316500 9.497100 
-4.971400 9.681900 
1.483800 3.379300 
-3.072600 6.934000 
-3.110400 6.658100 
-2.087700 9.665000 
-3.943900 8.873600 
1.136200 3.266400 
-0.551460 6.515300 
-2.868500 2.870200 
-0.779600 5.591000 
-2.028400 5.642500 
-2.783900 9.073100 
-6.451700 9.491500 
-0.516770 2.753200 
-2.498900 9.006000 
-4.160800 8.726500 
-3.251400 9.498000 
-3.190200 10.160000 
-2.158100 7.191100 
0.520270 0.953610 
-2.996800 4.768300 
-1.674500 6.365700 
-3.652000 7.058300 
-3.179300 9.562300 
-2.723900 7.980600 
-3.827000 8.226800 
-2.755600 6.542700 
-1.390600 8.224600 
-4.002600 9.522400 
-2.097600 8.294400 
-3.981700 9.700600 
-0.714310 6.438100 
-5.123100 11.282000 
-2.385500 6.024100 
-1.993400 7.491500 
-4.589300 8.451100 
-2.613800 7.420600 
-3.061800 7.876300 
-4.497500 8.643200 
-1.650100 6.474300 
-5.983700 10.879000 
-0.588000 3.095900 
-0.392270 3.261800 
-0.104770 7.252900 
-4.972500 10.846000 
-2.241500 6.341200 
-4.142700 7.419900 
-3.954500 8.076000 
-2.438400 5.604700 
-3.652300 7.179100 
-4.694800 10.564000 
-3.551500 7.208900 
-4.186100 8.064900 
-6.335100 11.303000 
-2.546300 4.812000 
-5.630200 9.492400 
-6.336600 9.222900 
-1.116500 7.810500 
-3.856700 8.824700 
-4.544500 10.036000 
-1.679800 4.328400 
-3.184100 6.551800 
-2.410700 8.634000 
-1.042300 5.032000 
-0.443130 6.816900 
-3.884300 7.657500 
-1.853000 7.080600 
-2.339900 8.586800 
-2.003300 7.882200 
-0.935100 6.663400 
-4.620300 6.179600 
-0.749580 8.959800 
-1.508000 5.968300 
-3.908000 11.500000 
-2.153300 3.863700 
-3.513500 10.110000 
-5.131800 9.555800 
-2.806300 9.792000 
-2.334400 7.652500 
-2.626400 12.471000 
-4.116900 10.481000 
-2.062000 4.530800 
-2.608500 6.238400 
-2.477000 8.754400 
-4.287900 10.596000 
-3.515600 7.663500 
-2.840800 5.784600 
-1.375100 4.480000 
-6.414300 9.254400 
-2.389700 8.403700 
-1.850500 5.638000 
0.439870 3.431300 
-0.278530 3.503400 
-4.393600 11.034000 
-5.093500 9.514100 
-4.296800 11.773000 
-6.477900 10.005000 
-4.047200 7.646500 
-3.064700 7.626400 
-4.525800 10.507000 
-4.612300 11.542000 
0.557070 3.730900 
-1.556600 5.385800 
-0.983280 4.381400 
-3.757700 10.142000 
-2.313400 9.218600 
-4.438600 9.720500 
-1.917100 9.340200 
-2.097600 6.388000 
-3.667500 8.036600 
-4.913000 9.197300 
-5.006000 11.892000 
-2.032700 9.015300 
-4.468300 9.529300 
-1.256700 5.800300 
-4.094800 10.582000 
-4.663300 6.183700 
-7.215400 13.160000 
-0.043085 6.114400 
-3.281400 9.142400 
-3.432800 9.093800 
-2.233200 5.970800 
-2.777100 7.056300 
-4.632800 9.784700 
-3.046600 7.641200 
-3.818800 8.689600 
-2.595600 9.977100 
-4.542100 11.457000 
-4.047400 10.949000 
-1.612900 6.586000 
-3.861700 9.113700 
-1.746300 4.297900 
0.104910 4.217900 
-1.161700 5.965800 
-4.929600 9.510700 
-5.857800 12.738000 
-5.812200 11.558000 
-1.788600 5.875200 
-2.094100 8.528300 
-1.892000 8.653600 
-2.084600 2.613900 
-4.130100 6.902600 
-4.958300 10.921000 
-2.949900 8.985500 
-4.415300 7.673800 
-2.635600 9.449200 
-5.294400 11.896000 
-0.692930 5.787900 
-3.362400 7.600300 
-4.064900 13.998000 
-3.896800 10.332000 
-2.850300 6.956900 
-3.904500 7.313700 
-0.958790 5.333300 
-1.650500 9.177000 
-3.920900 7.490200 
-2.248800 8.006700 
-2.949800 9.356900 
-2.628600 6.449800 
-0.621420 5.471700 
-3.199100 10.011000 
-4.280200 8.936900 
-0.508010 3.538400 
-0.602550 4.820500 
-2.679100 8.371400 
2.333000 3.153700 
-5.528900 10.601000 
-1.186800 7.501900 
-3.136300 8.428100 
-2.737300 7.047300 
-1.960800 9.204500 
-1.586900 5.005500 
-2.315400 7.411800 
-0.833160 6.591200 
-1.583600 7.410500 
-1.312500 5.784900 
-1.483300 5.750000 
0.382400 6.340000 
-4.064200 8.266700 
-4.828100 8.763600 
-0.613600 7.232100 
-4.719200 8.729400 
-4.793300 8.533600 
-5.474300 10.833000 
-2.060600 9.324200 
-1.907000 1.545600 
-1.444400 4.824500 
-2.798500 9.621900 
-2.527800 7.643700 
-0.251760 5.626300 
-2.149200 9.480400 
-5.525000 11.459000 
-4.056300 9.706000 
-2.962200 6.829600 
-3.150700 6.645000 
-1.920800 6.499900 
-3.471100 10.802000 
-3.334900 10.323000 
-5.959900 9.922600 
-4.890000 8.529100 
-3.105200 7.482600 
-4.712900 9.007900 
-3.693700 9.220400 
-3.688200 5.252100 
-2.041500 5.864900 
-4.599500 8.304300 
-3.051200 8.885700 
-1.690800 8.665500 
-5.430800 10.231000 
0.538010 2.036500 
-0.096082 4.433700 
-0.587260 6.926100 
-0.778170 6.555400 
-1.862100 5.451400 
-1.765800 6.240600 
-4.107500 9.207500 
-3.914600 10.185000 
-7.081500 10.535000 
-8.529400 13.194000 
-1.931700 6.099700 
-2.900200 8.081200 
-4.668400 7.555800 
-3.033100 7.826400 
-2.698000 6.784700 
-6.060200 10.805000 
-2.453200 7.129900 
-2.562900 4.227800 
-5.323000 7.587600 
-0.060612 5.735400 
-4.419700 7.695300 
-1.360900 6.194700 
-6.375100 11.829000 
-2.233700 6.788700 
-3.100900 8.100800 
