5.348 -5.9366
4.5793 -1.8083
5.2255 -0.69498
5.6949 -3.1235
7.263 -2.9909
6.001 -4.4432
4.7954 -3.8554
4.6412 -0.54337
3.5587 -1.7724
6.1211 -1.7003
2.4034 0.21741
4.5541 -4.9856
5.8637 -3.0181
6.3641 -4.6644
6.1253 -3.9387
7.6103 -3.7866
3.9882 -0.48372
5.6231 -1.0448
5.5033 -2.6073
7.9467 -2.0527
5.0613 -1.4331
3.4747 0.3218
6.7616 -2.8708
5.8845 -2.6289
5.774 -3.9875
7.9204 -4.8747
6.1776 -4.0248
6.7054 -3.7953
4.9005 -0.76856
4.7307 -0.58833
4.5787 2.1771
5.8794 -0.93316
6.2677 -4.2507
6.2508 -3.2976
4.7826 -1.3937
5.4243 -2.1597
9.1111 -3.9341
5.5662 -3.3177
8.3539 -7.1328
6.0653 -2.5282
5.7875 -2.7701
4.7641 -1.2497
6.7366 -4.6724
4.9658 -4.9442
4.3162 -1.094
5.3949 -2.0771
7.3472 -7.3298
4.4545 0.66299
8.5751 -7.212
6.3964 -5.0335
6.4808 -3.3858
8.8227 -2.4608
7.1574 -6.2209
6.5827 -4.3926
5.3709 -4.6978
5.6019 -1.2729
10.002 -8.9154
6.6519 -0.81682
7.8741 -4.0519
4.2699 -3.5951
4.6439 -3.2065
5.1149 -2.5227
6.3838 -3.3228
3.6551 -1.6718
6.0864 -2.4187
7.2654 -5.0442
6.4783 -3.3511
9.0337 -5.7536
6.9412 -4.6131
3.0988 0.073043
3.336 0.91057
7.0003 -6.7628
5.2775 -5.0113
8.8332 -6.4316
7.7456 -5.203
8.0966 -5.5556
3.5265 -2.5685
9.6663 -6.4432
6.1303 -1.8323
5.4621 -2.3896
8.3887 -6.8623
7.0276 -5.503
6.8274 -0.59623
5.6747 -5.5835
4.8894 -3.6168
7.4707 -4.2397
2.9658 -0.13361
5.2391 -3.6849
4.5738 -5.3302
5.677 -2.337
5.3786 -1.161
8.207 -6.7255
6.9525 -2.9897
6.4671 -4.4526
8.8344 -8.5812
7.2821 -3.7642
6.8204 -4.0213
5.9481 -3.3097
10.368 -8.667
4.628 -1.6557
6.8659 -3.1559
7.2544 -3.7453
6.3946 -3.5712
5.8369 -5.1948
4.2007 2.4178
9.1578 -5.6633
7.5907 -6.5501
7.0566 -2.6513
5.2421 -1.3083
6.122 -2.1388
6.9209 -4.1682
6.1887 -1.4415
6.8082 -3.0285
4.6852 -2.1958
6.0336 -2.5797
5.8759 -2.958
9.1882 -3.2546
5.2108 -4.7541
6.0333 -2.3019
8.4176 -7.6702
5.6574 -1.3129
4.8864 -2.3139
5.2983 -2.6595
8.723 -6.3678
4.0414 -0.94864
4.1221 -1.3774
7.071 -2.8964
3.4961 -0.10711
5.7752 -2.212
5.792 -4.3645
4.9752 -0.91626
5.7115 -3.8382
7.5456 -6.5102
6.0348 -1.8213
8.9528 -8.3717
7.6828 -3.8798
5.376 -2.757
6.3783 -1.9073
5.2101 -2.1536
6.4466 -0.88622
4.6835 -1.5029
4.0286 -1.3181
10.484 -7.6207
5.9274 -4.066
5.8896 -4.3419
6.9123 -1.335
5.0561 -2.1264
10.136 -7.7336
8.4485 -4.4847
6.1315 -8.1298
8.2204 -5.409
6.9716 -5.3575
6.2161 -1.9269
2.5483 -1.5085
8.4832 -8.2468
6.5011 -1.994
4.8392 -2.2735
5.7486 -1.502
5.8098 -0.83961
6.8419 -3.8089
9.5203 -10.046
6.0032 -6.2317
7.3255 -4.6343
5.348 -3.9417
5.8207 -1.4377
6.2761 -3.0194
5.173 -2.7732
6.2444 -4.4573
7.6094 -2.7754
4.9974 -1.4776
6.9024 -2.7056
5.0183 -1.2994
8.2857 -4.5619
3.8769 0.28223
6.6145 -4.9759
7.0066 -3.5085
4.4107 -2.5489
6.3862 -3.5794
5.9382 -3.1237
4.5025 -2.3568
7.3499 -4.5257
3.0163 -0.12125
8.412 -7.9041
8.6077 -7.7382
8.8952 -3.7471
4.0275 -0.15414
6.7585 -4.6588
4.8573 -3.5801
5.0455 -2.924
6.5616 -5.3953
5.3477 -3.8209
4.3052 -0.43643
5.4485 -3.7911
4.8139 -2.9351
2.6649 0.3026
6.4537 -6.188
3.3698 -1.5076
2.6634 -1.7771
7.8835 -3.1895
5.1433 -2.1753
4.4555 -0.96435
7.3202 -6.6716
5.8159 -4.4482
6.5893 -2.366
7.9577 -5.968
8.5569 -4.1831
5.1157 -3.3425
7.147 -3.9194
6.6601 -2.4132
6.9967 -3.1178
8.0649 -4.3366
4.3797 -4.8204
8.2504 -2.0402
7.492 -5.0317
5.092 0.50028
6.8467 -7.1363
5.4865 -0.89047
3.8682 -1.4442
6.1937 -1.208
6.6656 -3.3475
6.3736 1.4706
4.8831 -0.51906
6.938 -6.4692
6.3915 -4.7616
6.523 -2.2456
4.7121 -0.40362
5.4844 -3.3365
6.1592 -5.2154
7.6249 -6.52
2.5857 -1.7456
6.6103 -2.5963
7.1495 -5.362
9.4399 -7.5687
8.7215 -7.4966
4.6064 0.03397
3.9065 -1.4859
4.7032 0.77306
2.5221 -0.99541
4.9528 -3.3535
5.9353 -3.3736
4.4742 -0.49253
4.3877 0.54238
9.5571 -7.2691
7.4434 -5.6142
8.0167 -6.6186
5.2423 -0.85811
6.6866 -1.7814
4.5614 -1.2795
7.0829 -1.6598
6.9024 -4.612
5.3325 -2.9634
4.087 -1.8027
3.994 0.89155
6.9673 -1.9847
4.5317 -1.4707
7.7433 -5.1997
4.9052 -0.41774
4.3367 -4.8163
1.7846 2.1597
8.9569 -4.8856
5.7186 -1.8576
5.5672 -1.9062
6.7668 -5.0292
6.2229 -3.9437
4.3672 -1.2153
5.9534 -3.3588
5.1812 -2.3104
6.4044 -1.0229
4.4579 0.45741
4.9526 -0.051259
7.3871 -4.414
5.1383 -1.8863
7.2537 -6.7021
9.1049 -6.7821
7.8383 -5.0342
4.0704 -1.4893
3.1422 1.7382
3.1878 0.55818
7.2114 -5.1248
6.9059 -2.4717
7.108 -2.3464
6.9154 -8.3861
4.8699 -4.0974
4.0417 -0.079465
6.0501 -2.0145
4.5847 -3.3262
6.3644 -1.5508
3.7056 0.8963
8.3071 -5.2121
5.6376 -3.3997
4.9351 2.998
5.1032 -0.66787
6.1497 -4.0431
5.0955 -3.6863
8.0412 -5.6667
7.3495 -1.823
5.0791 -3.5098
6.7512 -2.9933
6.0502 -1.6431
6.3714 -4.5502
8.3786 -5.5283
5.8009 -0.98936
4.7198 -2.0631
8.492 -7.4616
8.3974 -6.1795
6.3209 -2.6286
11.333 -7.8463
3.4711 -0.39903
7.8132 -3.4981
5.8637 -2.5719
6.2627 -3.9527
7.0392 -1.7955
7.4131 -5.9945
6.6846 -3.5882
8.1668 -4.4088
7.4164 -3.5895
7.6875 -5.2151
7.5167 -5.25
9.3824 -4.66
4.9358 -2.7333
4.1719 -2.2364
8.3864 -3.7679
4.2808 -2.2706
4.2067 -2.4664
3.5257 -0.16698
6.9394 -1.6758
7.093 -9.4544
7.5556 -6.1755
6.2015 -1.3781
6.4722 -3.3563
8.7482 -5.3737
6.8508 -1.5196
3.475 0.45901
4.9437 -1.294
6.0378 -4.1704
5.8493 -4.355
7.0792 -4.5001
5.5289 -0.19842
5.6651 -0.67674
3.0401 -1.0774
4.11 -2.4709
5.8948 -3.5174
4.2871 -1.9921
5.3063 -1.7796
5.3118 -5.7479
6.9585 -5.1351
4.4005 -2.6957
5.9488 -2.1143
7.3092 -2.3345
3.5692 -0.76918
9.538 -8.9635
8.9039 -6.5663
8.4127 -4.0739
8.2218 -4.4446
7.1379 -5.5486
7.2342 -4.7594
4.8925 -1.7925
5.0854 -0.81454
1.9185 -0.4652
0.47061 2.1937
7.0683 -4.9003
6.0998 -2.9188
4.3316 -3.4442
5.9669 -3.1736
6.302 -4.2153
2.9398 -0.19502
6.5468 -3.8701
6.4371 -6.7722
3.677 -3.4124
8.9394 -5.2646
4.5803 -3.3047
7.6391 -4.8053
2.6249 0.82911
6.7663 -4.2113
5.8991 -2.8992
