-1.010600 -0.208520 
-0.403860 0.335440 
0.586060 -0.086544 
-3.124900 2.010600 
1.099500 -1.729500 
0.636650 -1.421500 
0.112250 0.115510 
-2.714200 0.837540 
-1.826200 3.606300 
-2.154300 2.207300 
-0.164070 0.553640 
4.013500 -3.763100 
0.506940 1.197900 
5.318900 -2.750700 
3.150600 -3.802300 
3.379200 -2.145500 
-0.430260 -0.691640 
0.792210 0.430740 
-2.593100 3.455100 
-1.155700 0.252890 
-0.159890 2.186100 
-2.843100 1.228900 
-0.530720 0.419640 
-2.514700 -0.255330 
-1.810100 0.349730 
-0.702840 0.108620 
-3.565000 2.934700 
0.697210 -1.748200 
-1.593100 1.830000 
0.494130 -1.908100 
2.339100 -1.117600 
1.227000 -1.092900 
1.748700 -1.359700 
-2.001300 0.336880 
-1.535000 2.328700 
1.420300 -4.035800 
-5.949300 4.271300 
0.817940 -1.725700 
3.544300 -2.466800 
-0.825340 -0.841500 
0.000538 -0.293460 
1.471900 -0.260420 
6.242300 -3.787200 
0.303740 -1.509600 
-0.271810 2.617500 
1.048000 -1.334000 
0.705020 -0.746330 
-0.835220 -0.616830 
-0.907670 1.751700 
3.775600 -5.084000 
-4.073400 2.645900 
-0.939220 1.170400 
-1.314100 -0.935900 
0.934820 -0.434790 
-5.322300 5.430700 
-0.376560 0.765410 
-2.517500 -0.881890 
2.247500 -2.905500 
-2.455500 0.188840 
-1.428100 1.931800 
1.710100 -0.804840 
-1.691800 1.988700 
0.552320 0.024930 
2.454700 -3.066200 
-1.114800 0.893480 
-0.190360 1.208700 
-0.175960 3.185900 
-1.168400 1.125000 
0.727800 -1.884400 
2.007100 -3.091300 
0.984630 0.366850 
1.129400 -0.708770 
1.526000 1.152300 
-0.129510 -1.232800 
-2.334900 1.717200 
-0.526160 0.109230 
-1.387900 -0.353630 
1.332000 -1.039400 
-3.805800 2.398600 
-4.018700 5.481100 
2.448000 -0.894240 
-0.614600 -0.537270 
-1.804000 2.880400 
-1.998100 0.552520 
0.395730 -1.784900 
-1.110800 0.701530 
0.294530 0.187620 
4.210000 -4.053200 
0.626230 -1.721100 
1.467700 -2.263200 
3.520300 -3.602200 
0.396320 -1.238600 
4.235500 -3.592600 
5.938100 -4.109000 
1.879800 -0.532430 
0.055713 -0.410550 
0.733870 -1.930000 
1.642000 -2.259800 
-1.142800 1.393000 
-0.133370 -0.915170 
0.712410 -0.023551 
1.244100 -0.714640 
3.193100 -1.287500 
-1.414700 0.356750 
0.718960 -1.136300 
-4.741900 4.147000 
-0.374660 3.738400 
3.319000 -1.676200 
-0.314120 -1.747400 
-0.295160 -1.246600 
-1.432000 0.305080 
1.333600 -0.233610 
-0.107340 1.878800 
7.620700 -10.044000 
1.810700 0.016083 
-0.551570 -0.670090 
-1.868100 2.736700 
2.576700 -2.434000 
3.033400 -4.022100 
-0.553640 0.274020 
-0.825660 1.994000 
3.371000 -2.833400 
-3.129100 2.335600 
2.559400 -1.162900 
1.950900 -0.199060 
-1.788400 2.826700 
4.211900 -2.894800 
1.284100 -0.664930 
0.536120 -1.608600 
-1.730600 -0.729850 
-0.938130 -1.127100 
-1.948300 3.748500 
0.455630 -0.956320 
1.336900 0.596450 
0.110180 -0.238420 
-0.922830 1.735300 
0.182850 1.446600 
-0.278280 1.676300 
-1.261500 -0.206250 
3.911500 -4.973100 
0.511290 -0.539920 
1.121400 2.289000 
-0.655770 -0.194590 
-1.435500 0.982440 
0.592500 3.207100 
2.835500 -2.642500 
-0.784290 -2.162200 
-0.182180 1.013400 
1.067800 -0.958530 
-2.006100 1.128200 
-2.850800 1.938600 
1.708200 -3.773600 
0.359750 -1.024000 
-0.863870 0.739790 
-0.267540 1.580700 
0.078732 3.207700 
0.571380 2.267900 
-0.464600 0.793100 
1.714500 -1.106000 
1.918600 -1.452900 
-0.436940 0.949190 
-0.442740 0.655360 
-0.022854 0.941160 
-3.292800 4.410100 
2.090200 -0.251420 
-1.930700 3.335200 
3.419700 -2.370200 
-0.296000 0.323340 
-1.871800 1.193100 
-0.011994 -0.182190 
1.110000 -0.170010 
0.939930 0.238070 
-1.831800 2.149200 
-5.463200 6.278300 
-0.416770 0.712380 
-0.410680 0.333220 
-4.515100 4.190100 
-1.253100 0.010876 
3.456500 -1.460600 
2.573500 -0.289820 
-2.667100 2.427000 
0.335390 -1.046600 
-2.925100 -0.332250 
0.579370 0.566780 
1.854500 -1.858100 
-1.354300 2.231000 
3.589100 -2.100200 
0.605060 -0.735830 
-4.725600 4.080100 
0.050505 0.056119 
0.656360 0.791510 
-0.105710 -1.351800 
-0.258730 2.607800 
0.188980 -1.477400 
-4.214600 0.749920 
0.926460 -0.929270 
1.127600 0.527010 
-1.345500 1.206200 
4.829800 -4.519500 
-1.417200 1.604400 
-3.950900 3.562400 
1.433600 -2.245200 
1.910600 -0.144230 
-0.266110 0.589940 
-2.714700 0.635810 
1.438000 0.931470 
1.495800 -0.963110 
3.533200 -2.715000 
0.224600 0.104250 
1.326700 -0.482830 
-1.682500 3.415300 
0.056940 -0.235830 
-0.559720 0.090377 
-0.454980 -0.939750 
-0.675060 4.234900 
-1.540500 1.354700 
2.917300 -2.432600 
0.515860 0.503650 
1.273700 0.309380 
1.128800 -0.099967 
-3.183000 0.666590 
1.227500 -3.161900 
0.077253 0.177650 
0.437250 -1.349700 
0.909480 -1.377500 
0.198490 1.612100 
-1.111500 -0.432750 
-4.462500 3.410900 
0.158240 -0.488590 
1.347300 -1.829800 
0.312350 -0.596830 
0.997770 0.604340 
2.459700 -2.116700 
1.068400 0.644870 
-1.668100 1.269900 
2.835800 -1.225000 
-1.466300 -0.213560 
1.887900 -2.853400 
1.609300 -2.116300 
-1.311200 1.201200 
0.443920 0.740090 
0.285610 -1.135000 
-1.779400 -0.420770 
2.923900 -4.236700 
-2.348800 -0.668230 
-4.676900 3.444800 
-1.789100 1.008800 
4.164000 -3.167900 
-0.581650 -0.874260 
-0.648020 2.420400 
-2.469400 1.429300 
-0.543800 -2.354800 
-2.526300 0.439320 
-2.188300 4.418700 
-0.111170 -0.728590 
-0.663170 -0.232890 
2.398600 -4.183000 
2.000500 1.836800 
0.968350 -1.340400 
-3.548800 2.917800 
1.653800 -3.486300 
-5.461700 3.475100 
-2.348600 2.582600 
3.552700 -3.783000 
3.089700 -1.466000 
-4.933200 3.757400 
0.020454 0.350790 
-0.846990 1.237000 
-1.229200 0.886750 
-0.701840 -0.266030 
1.617900 -2.027200 
1.235900 -0.225590 
-0.566630 0.318000 
0.616260 -0.445210 
-2.480600 0.530460 
0.952910 -0.744090 
2.046500 -3.105100 
2.295500 -2.574000 
1.168100 -0.814250 
0.125810 2.025100 
-0.508930 0.920760 
0.315100 1.614600 
0.445650 1.297700 
1.790700 0.498250 
2.139100 -2.818300 
1.415600 -1.774300 
-1.649900 2.851300 
-0.053151 -0.801640 
-2.638700 2.862600 
-1.730100 -1.551900 
3.600500 -3.471000 
-0.894540 1.013100 
-2.532500 1.512500 
-1.025500 -0.165390 
2.251600 -0.311120 
0.258620 -2.560300 
-0.392730 0.831640 
0.890900 -1.753600 
-1.463700 -0.297160 
-2.994100 2.679900 
-0.419990 2.222100 
-0.432150 -0.207950 
4.091300 -3.015600 
0.704050 1.564400 
4.944000 -0.923570 
2.058700 -1.334700 
1.265500 -2.563300 
-0.996680 -1.926100 
1.075000 -0.011258 
-0.341780 1.009500 
-1.475400 -0.172850 
-0.712990 0.642000 
-3.537400 4.638600 
-0.107930 -1.745100 
-2.003700 2.086700 
-2.237800 1.873600 
-1.002500 -1.282800 
2.806300 -0.872120 
3.044700 -2.591200 
-1.184700 2.538600 
1.375000 -3.168400 
-1.224100 1.928000 
0.708060 1.415200 
0.713790 -1.130100 
1.955300 -3.062300 
0.298760 -1.087700 
-0.573990 1.789600 
-1.929900 1.875200 
2.349200 -3.066900 
0.666730 -2.371900 
0.958120 0.612750 
2.001400 -2.704100 
-2.170100 2.309500 
0.776190 -0.530540 
2.446100 -2.351200 
3.395100 -2.956200 
-2.555900 2.499600 
-3.728400 4.870900 
0.700280 1.260800 
1.957900 -3.346100 
0.481420 0.233130 
1.418800 -0.364650 
-0.053212 0.206060 
-1.217900 3.323000 
-1.717200 -0.010462 
1.262300 -0.607900 
-2.890500 3.062900 
0.684210 -1.246900 
-0.460370 0.897520 
-0.538160 -0.837230 
2.781500 -2.056200 
0.002248 -0.023235 
-0.487100 0.097872 
0.565920 -2.278800 
-4.438400 4.501200 
2.606800 -2.424100 
2.640100 0.364070 
1.866700 -2.770600 
4.403200 -2.335100 
-0.170800 -2.125600 
-3.571800 1.093400 
-3.513900 3.716200 
0.682820 -1.314400 
2.133100 -2.505200 
-0.572190 0.988360 
-0.238740 0.041856 
-3.541600 3.322700 
-0.221140 1.719100 
-1.660100 2.976900 
-0.587300 0.681450 
-0.290160 1.405400 
0.062042 0.948800 
1.335500 -0.461550 
-0.719010 -0.870890 
0.668800 1.478100 
