1.356400 -11.286000 
-6.571700 9.756300 
9.962900 0.540940 
-8.445400 8.170100 
0.808130 -1.211100 
9.807700 2.548000 
-10.413000 5.254400 
6.847000 9.178200 
3.356800 2.017100 
9.666200 2.146000 
7.292000 -4.890600 
-5.084400 2.570300 
3.627100 -6.686100 
3.098900 -0.548570 
8.087400 -4.372600 
-0.622840 -6.911700 
3.448200 0.420560 
-0.085408 4.961500 
-5.659800 -2.322400 
-11.809000 0.885630 
-6.561600 10.373000 
2.960300 3.370400 
-3.371600 3.982400 
-10.003000 5.781900 
0.717780 11.365000 
9.206400 3.875800 
9.627700 -0.618440 
8.026900 -3.797300 
-0.600300 -7.156400 
8.837000 6.415100 
1.454300 5.297900 
-0.090498 -0.829020 
-12.204000 0.784970 
-11.875000 3.139500 
1.905100 11.754000 
1.240800 -7.717000 
0.837880 -1.580600 
9.159700 4.375900 
3.763500 -7.031600 
-0.362150 11.517000 
2.954900 11.269000 
-3.785700 -5.617200 
9.376400 3.567700 
6.818700 8.884300 
-6.101000 -0.158070 
-11.812000 0.742760 
0.810940 5.534800 
0.991980 -1.651200 
6.370700 -6.045400 
-4.849900 -4.362300 
9.451100 -0.687900 
-4.572800 4.099100 
1.082800 11.568000 
3.214400 3.377900 
-4.969000 10.722000 
-5.666200 -3.092700 
9.649300 -0.313920 
-10.850000 5.477500 
3.611400 3.293300 
2.929500 10.674000 
-4.706200 3.001900 
-3.461100 11.293000 
3.764300 1.354800 
-2.991400 4.546400 
-0.744760 11.455000 
-1.719700 5.403200 
2.320200 11.155000 
0.517260 11.548000 
3.905300 10.634000 
1.749400 -7.436000 
3.218500 3.734300 
-3.928400 10.836000 
-5.072100 3.115700 
3.106200 -1.192800 
-1.538100 5.021700 
9.744600 4.236000 
5.849500 -6.737200 
10.282000 0.257690 
-3.278500 11.121000 
0.149900 11.899000 
2.798400 4.480000 
-5.789700 0.023977 
-4.902800 2.959900 
-4.932800 -3.928100 
9.626200 4.479400 
10.121000 3.874700 
4.113200 0.613090 
3.862100 0.604160 
1.488900 -7.511300 
-3.156200 4.067400 
3.399300 -6.660600 
4.469100 10.858000 
-2.984800 11.007000 
2.626600 4.149100 
8.934300 5.807800 
2.569700 -0.663630 
3.680900 -0.051291 
0.869990 11.437000 
8.937000 -2.650700 
-3.679500 3.760600 
1.580100 -1.746000 
-10.524000 6.433500 
-5.734600 1.750000 
0.870050 -1.625200 
3.981500 1.095000 
3.094500 11.041000 
0.365520 -0.886710 
-6.329100 -0.969560 
7.473500 -4.841100 
-5.041500 -4.203000 
8.893900 7.049600 
9.813400 -0.537790 
2.941800 0.039683 
9.927200 2.661600 
3.515000 0.205810 
-5.636500 10.451000 
-4.888700 3.411800 
-3.086300 -6.309300 
-5.629800 0.637330 
-1.491100 5.417200 
0.939890 5.358200 
0.507350 -0.802320 
-5.305000 1.123100 
10.235000 -0.375830 
-5.300900 -3.283900 
7.988100 -3.729000 
3.645600 1.546600 
-1.811300 11.449000 
-6.156500 0.591040 
-6.726400 9.239000 
5.752400 9.371000 
-5.134100 10.427000 
-12.047000 2.873700 
10.058000 0.220820 
-0.172850 -1.112800 
1.337700 -1.461500 
2.137900 -7.246000 
1.827400 4.229700 
-5.186800 -3.517800 
-7.038900 9.824600 
3.989600 0.400520 
-5.348600 0.884530 
9.372800 -2.451200 
-9.163600 7.864100 
0.737980 5.145500 
-5.352200 2.140400 
-9.293300 7.042900 
-1.535900 5.145000 
2.983600 0.419650 
2.206500 4.311400 
-11.048000 3.030300 
-2.873000 11.335000 
4.043800 1.719300 
3.355500 3.386200 
2.984900 -0.462430 
3.049900 -7.169200 
9.604000 0.751080 
1.439700 11.090000 
-0.891870 5.446300 
-0.299770 -0.850750 
-4.590200 3.204300 
3.533100 10.876000 
-5.305500 10.291000 
-5.635300 -1.793700 
-4.866900 -4.457500 
0.252430 5.545800 
-6.313400 9.977700 
2.698100 3.930400 
-3.533300 4.070900 
-11.102000 4.737200 
1.174500 11.022000 
3.320600 2.625100 
2.045200 -0.919110 
-1.757500 5.082100 
-10.258000 5.637600 
3.232900 -0.916120 
3.280300 1.226900 
-2.807900 11.573000 
-5.124000 11.065000 
-3.933400 3.968800 
-0.058182 -1.312800 
-7.093800 10.033000 
6.614400 -5.489600 
0.972330 -7.846500 
-9.678300 6.479300 
2.205100 4.125300 
3.485700 -0.949930 
2.393300 -1.162800 
-0.865970 -6.755500 
2.507100 -1.131300 
2.538800 -0.347100 
-5.183400 2.438400 
-4.904000 2.557000 
-4.876800 2.791900 
-4.305200 3.986200 
9.791600 1.133400 
4.104800 1.285000 
2.504400 11.191000 
3.301400 0.339770 
-4.376300 -4.676700 
1.198900 -1.137700 
-1.223300 11.100000 
-4.512800 4.019000 
-11.238000 2.717100 
1.502100 -7.588400 
-5.531400 1.488000 
-3.057700 -5.472200 
-2.647400 -6.339600 
0.706490 -0.708660 
8.136000 6.246400 
0.983430 -0.901370 
2.406200 4.168600 
3.798800 0.637180 
9.774500 0.617380 
3.692000 2.295700 
0.754720 -1.662100 
-5.561600 0.240680 
-0.310100 5.136200 
1.401900 10.954000 
9.170200 4.639200 
2.523500 -7.881200 
-6.196700 0.110920 
-9.711100 7.006500 
1.421500 5.393600 
9.747300 -0.763430 
3.965800 1.887700 
1.071100 -7.725500 
3.771600 0.460340 
-4.739700 -4.113700 
0.583910 -1.375900 
-6.030100 -2.126900 
9.462300 -0.390830 
8.371200 -3.616000 
9.784500 -1.786600 
9.441300 -0.191500 
-2.233500 -6.718500 
-2.852800 -6.408400 
-3.364100 -5.374400 
1.355900 -0.830730 
-2.716600 -6.736700 
-11.923000 2.085000 
-5.716600 10.018000 
1.524200 -7.761400 
0.629690 11.164000 
-5.361300 2.387600 
-1.264100 -7.003000 
1.729800 4.964000 
1.216800 -1.490600 
8.143600 6.720100 
-3.832500 10.874000 
-9.865300 6.173700 
-5.890000 -2.942500 
3.599000 1.345900 
4.985400 9.751600 
0.524360 5.478800 
-3.408700 -6.328200 
9.410300 5.580600 
6.134100 -5.881300 
9.583300 2.048200 
-2.146000 -6.129700 
-3.178100 4.997800 
-5.580500 0.021088 
2.950400 3.513000 
0.296110 4.796200 
1.076600 4.712300 
0.685350 11.363000 
3.347500 2.318500 
9.170700 -3.026300 
8.094900 -3.251000 
-3.277000 11.167000 
-4.923600 3.517900 
-5.469000 -3.643400 
-4.132500 -4.974800 
2.813600 -0.678070 
-0.080641 -0.949200 
9.553000 4.065800 
2.192400 4.921900 
5.302500 -6.420700 
2.531600 -0.539060 
-5.832400 0.116760 
1.190700 -1.089600 
0.446330 -0.751620 
2.096000 4.395300 
-6.323900 -0.620910 
2.491200 -0.573530 
1.774600 -1.663000 
2.583400 -0.622320 
9.463900 3.992000 
6.611100 -5.671800 
4.014400 -7.039500 
-4.433600 3.644100 
5.534900 -6.000500 
-6.163600 0.239100 
-3.736800 4.156800 
6.953100 9.298900 
-7.551000 9.222900 
3.484600 2.614200 
-10.199000 6.092500 
1.085400 -1.264200 
3.403500 -0.486430 
6.471200 -5.452200 
2.513700 -1.437900 
10.284000 2.184200 
9.145000 -2.641400 
3.455800 -0.278940 
4.107600 1.341300 
-1.707200 -7.166700 
7.846100 -4.479500 
2.652400 -6.790600 
7.844200 8.194700 
-0.208220 5.632000 
8.540000 -2.990600 
-8.979100 8.233800 
9.669300 -2.110800 
6.310800 -6.198200 
-0.136000 -0.915230 
-5.879700 -0.432020 
0.303110 -0.779980 
-4.912100 10.190000 
1.488700 -1.006700 
0.329310 5.110400 
-3.170600 -5.649100 
3.955400 2.702600 
-11.763000 3.669300 
-3.822500 -4.527000 
-11.186000 3.695500 
-1.113700 -7.269900 
0.480150 5.148400 
2.599700 -7.109400 
-7.546700 8.925500 
0.000507 5.674600 
2.914600 3.487300 
-5.974500 -1.334900 
0.354700 5.446200 
-1.186100 -6.622000 
-5.273300 2.833000 
3.371900 1.328800 
6.245400 8.694200 
-0.027979 -6.940400 
-2.390100 10.879000 
-11.776000 1.772600 
3.892500 2.156300 
0.983890 11.839000 
3.091700 3.603300 
0.852430 -1.132700 
6.350200 -5.598200 
-5.718100 -2.090600 
2.803100 -0.482210 
-0.314880 5.024900 
-4.133600 -4.032700 
7.802000 -4.710800 
0.937400 -1.352600 
2.275400 -0.825250 
2.797700 -1.098000 
-5.917100 -0.629540 
-3.368500 11.416000 
-7.601100 9.003100 
-2.180300 4.537500 
-4.926400 2.582100 
2.984800 -0.754730 
9.788300 4.430000 
10.231000 2.915700 
-3.987400 3.635700 
3.870100 0.798390 
-6.143800 1.397200 
-9.694800 5.981700 
-4.096400 3.597800 
-3.830200 -5.497900 
-1.883600 5.152600 
4.617300 10.249000 
9.750200 2.221400 
-2.027400 -7.133100 
-4.685700 -3.711600 
9.611000 4.165200 
-10.204000 6.179300 
3.676300 0.325720 
-0.069460 5.553700 
6.731300 8.628300 
-11.862000 2.082100 
-2.067100 10.937000 
-4.707900 -4.574300 
0.382300 -0.960150 
-4.030100 4.498700 
-0.398690 4.837900 
0.771840 -1.590500 
5.286500 -6.317300 
-5.963900 -1.349700 
2.641200 4.118700 
3.843100 2.125300 
-5.470200 -0.527480 
2.347600 -0.766590 
0.229670 -7.547600 
-5.174100 1.536800 
0.875920 -1.091300 
2.815300 4.142400 
6.681200 -4.827400 
0.346060 -1.422200 
-5.781900 -0.103510 
2.925200 2.969100 
5.329300 10.457000 
9.171800 6.410900 
0.165380 5.215900 
3.313000 -0.364150 
-5.030700 3.580100 
-5.346600 0.756670 
-5.234700 -2.800300 
-10.363000 5.572200 
-4.407500 -4.550400 
-12.053000 1.999300 
6.345700 9.181300 
10.297000 0.054802 
1.477700 4.556100 
-0.993290 4.877800 
5.766900 9.114800 
8.490800 5.894500 
0.588140 -1.472400 
0.854120 -0.921070 
10.221000 1.736800 
0.872170 -1.632400 
-6.291800 -0.163800 
-4.919600 3.806900 
2.793900 -1.307300 
3.776300 3.011300 
-0.530770 5.802700 
-3.661200 4.541200 
3.170000 3.794800 
0.344700 -1.494600 
-6.023800 0.636790 
2.992400 -0.364740 
8.019000 8.083700 
-3.286300 11.498000 
4.332800 10.203000 
0.531260 -0.809470 
6.317500 8.942900 
2.374500 -0.991810 
7.890500 -4.287700 
4.407500 10.508000 
-11.183000 2.968000 
4.237300 1.861300 
7.928500 7.614200 
-3.367800 -5.949200 
3.964000 3.284200 
4.406500 9.899500 
5.841900 -6.399900 
-5.295900 3.191400 
-5.765500 -2.515300 
-5.368400 -3.533700 
0.401250 4.826100 
9.790600 3.395900 
3.982700 0.405260 
-5.540700 -0.916220 
-4.401500 -5.114500 
3.369500 1.498000 
-1.601100 -6.926100 
0.175990 5.019200 
3.704400 0.384590 
4.085200 -6.553500 
-2.050300 11.523000 
-10.066000 5.735500 
-3.000200 11.385000 
0.981810 -1.549600 
-5.297900 0.180840 
-4.446000 -3.759400 
-0.256460 -7.095700 
-5.620500 -2.438300 
-0.475120 -7.162200 
3.213600 -7.143200 
6.610400 -5.454800 
-4.969400 3.657600 
-0.314110 -6.755500 
6.319700 -6.068700 
-1.711200 4.777100 
10.200000 3.003100 
5.958700 9.585000 
-5.332200 -0.206410 
5.633100 -6.061100 
7.640100 8.413700 
5.743600 -5.876500 
-4.819300 3.427900 
-3.719500 4.454800 
4.689800 9.952200 
-3.558300 3.973200 
-0.637830 5.182700 
-1.491800 5.648300 
3.761200 10.748000 
8.827000 -3.281700 
0.424180 -1.032300 
-3.075300 -5.920200 
3.341300 1.849200 
3.749200 1.504100 
9.571000 1.151200 
0.680490 -0.958020 
-9.182500 7.792300 
-12.394000 0.391700 
-4.817500 2.701300 
-5.050000 1.109600 
8.843100 6.720200 
3.473900 10.403000 
2.268000 4.892000 
-4.392400 -3.791900 
3.340900 2.468100 
-3.784000 4.031500 
5.869200 9.226300 
2.862500 -0.403570 
1.788500 4.371300 
8.862900 -3.939500 
-5.152000 2.967100 
-2.741700 -6.372300 
3.378000 -0.231770 
2.878000 11.290000 
-1.928000 -6.230400 
-4.494400 -4.606100 
1.311900 -1.024900 
6.349300 8.803900 
3.536200 10.802000 
-4.789500 3.009400 
9.919800 0.879250 
-5.472100 0.523510 
2.332000 4.328500 
1.894600 -0.937980 
8.766500 6.749900 
9.499900 5.199900 
-5.573100 -0.612690 
-11.412000 3.241000 
3.476300 3.397300 
-8.368100 8.925700 
9.572400 3.937000 
-0.487870 -6.982300 
-2.643900 5.237400 
-10.966000 4.606200 
0.775920 -0.804860 
3.377900 2.230000 
0.978140 -0.808660 
2.302600 -1.027600 
-5.699800 -0.338330 
2.261800 4.843100 
-3.887300 -5.464700 
-9.504500 7.962500 
3.618300 0.810830 
-12.160000 2.404500 
-5.432700 1.127300 
1.693800 4.858000 
0.873190 -1.520100 
-4.796900 2.937300 
8.956800 -2.411400 
1.417600 -1.289600 
3.800100 2.478400 
-4.105300 4.623300 
3.937000 1.304900 
2.326700 3.816000 
3.233300 -0.329970 
-5.709200 0.403450 
0.132120 -1.111500 
-4.422000 11.043000 
8.928500 5.656000 
4.257400 0.920350 
1.177100 -1.708300 
1.521300 11.427000 
0.775800 -0.762970 
0.067101 -0.749390 
0.516220 -1.635900 
0.006180 11.043000 
-6.974900 9.343800 
-11.139000 4.705400 
-0.197340 -0.758190 
-8.733000 7.974300 
3.214200 0.364530 
3.819700 1.150100 
3.467000 0.551430 
2.670500 -0.635800 
-9.990400 6.846300 
1.933800 5.079300 
2.633900 -1.222800 
9.745800 -0.215160 
-7.647700 9.333500 
2.150800 -7.529900 
-5.728000 1.686200 
-3.663700 3.880400 
-6.141600 10.129000 
3.475500 2.936200 
5.758200 9.517500 
5.318100 -6.720700 
-5.747000 -0.113810 
5.812100 9.180700 
9.909800 2.675200 
-2.849000 4.850700 
-3.494600 5.028400 
8.956100 -3.618800 
1.723200 11.589000 
9.005400 -1.752300 
-0.285750 5.559200 
-6.112500 0.610530 
1.083600 -1.747600 
0.934550 -0.809260 
1.270000 -1.185700 
1.969500 -1.484300 
-3.550000 3.744000 
2.384200 -0.460010 
4.580600 -6.762000 
-5.680200 1.802000 
3.456500 2.192400 
0.862980 -0.803810 
5.432600 9.850300 
-1.781300 -7.077500 
6.436200 -6.160700 
-1.214000 5.175900 
-4.381100 -4.366700 
4.670600 -6.466000 
9.787900 2.389100 
-0.445320 5.282500 
2.990500 -0.866830 
9.643100 0.665430 
4.215600 2.250100 
-1.767200 -7.352000 
-0.996740 -7.055900 
-8.682300 7.949000 
3.513700 -0.046751 
7.075000 -5.207100 
-3.665300 -5.762900 
9.201300 -1.117800 
6.531700 -5.772900 
-3.233100 -5.313700 
-4.203800 -4.013900 
6.844700 9.156400 
3.197800 3.490900 
-3.205900 4.476000 
-9.831300 6.877900 
6.047300 -5.858400 
-1.512900 -7.048400 
0.741360 11.546000 
10.139000 2.967200 
0.156610 -7.042300 
7.812400 7.552900 
6.984700 8.858700 
2.146000 -1.147000 
0.744880 5.315500 
2.613800 -1.324100 
9.932700 1.097200 
3.048200 2.715900 
-11.848000 3.334800 
-0.315450 11.897000 
-7.086300 10.468000 
11.371000 0.519050 
-8.993700 8.986600 
0.702950 -2.441600 
-0.987650 -1.059100 
10.997000 2.562200 
-11.782000 5.022200 
7.524000 9.172700 
4.256400 2.414600 
10.805000 2.735500 
8.190000 -4.892600 
-6.499200 2.690300 
3.847300 -8.137600 
3.129500 -1.628300 
8.856800 -5.618100 
-1.306800 -7.755700 
4.459200 0.551190 
-0.206030 6.459400 
-6.377600 -3.013000 
-12.504000 1.217900 
-6.900800 10.625000 
3.596000 4.110500 
-4.377700 5.249600 
-11.534000 6.627700 
0.643370 12.964000 
10.749000 4.658200 
10.917000 -0.548230 
8.902900 -4.520700 
-1.178300 -7.613400 
8.908900 7.435900 
1.634200 5.498400 
0.115320 -1.270200 
-13.200000 0.737500 
-12.929000 2.878700 
1.607400 12.695000 
1.571600 -8.391100 
1.665900 -2.234000 
10.251000 4.011200 
4.184000 -7.736500 
0.536350 12.831000 
3.213700 11.585000 
-4.169800 -6.044100 
10.608000 3.484300 
7.233000 9.861700 
-6.367600 -0.435320 
-12.744000 1.161000 
0.624000 5.696900 
1.023100 -2.631000 
7.159700 -6.264200 
-5.604400 -5.409200 
10.656000 -1.247900 
-4.678200 4.728700 
0.911470 12.632000 
3.704700 4.224400 
-5.581200 11.723000 
-6.462300 -3.878200 
10.917000 -0.771500 
-11.510000 6.402300 
4.242100 4.183800 
2.963300 11.632000 
-5.719700 3.633900 
-4.139900 12.387000 
4.270500 1.593500 
-3.786700 4.740100 
-0.386900 12.394000 
-2.012600 6.548500 
3.405100 12.456000 
0.005141 12.178000 
4.741300 11.203000 
2.100900 -8.423500 
3.997200 5.020800 
-3.922900 11.579000 
-5.057000 4.154000 
3.286400 -1.365100 
-1.555100 5.668300 
10.469000 4.439200 
5.766300 -7.542100 
10.848000 1.095600 
-3.054100 12.015000 
-0.091283 12.159000 
3.610000 4.735600 
-6.372100 0.247500 
-5.467800 4.392000 
-5.395500 -4.808300 
10.734000 4.081900 
10.860000 3.651600 
4.506900 1.132300 
4.820600 0.301870 
2.192300 -7.969100 
-4.223600 5.509200 
4.129900 -7.823400 
4.869300 11.831000 
-2.990200 11.826000 
3.158000 4.224600 
9.600800 6.374900 
2.631800 -1.440900 
4.098300 -0.596850 
0.638320 12.077000 
10.245000 -3.252300 
-4.173400 4.418800 
1.994800 -1.900300 
-10.949000 6.729000 
-6.470300 1.579600 
1.302900 -2.592800 
-0.717170 -0.844770 
4.858600 0.918590 
2.868100 11.841000 
1.201500 -2.033300 
-6.646800 -1.189200 
8.006400 -5.620800 
-5.168400 -5.054700 
9.574400 7.113500 
10.499000 0.033065 
3.626400 -1.007900 
-0.570800 -1.235100 
11.207000 2.311200 
4.742900 0.306970 
-5.983300 11.108000 
-5.373700 4.110600 
-3.083600 -7.458700 
-6.877000 0.710190 
-1.427000 6.152400 
0.678860 6.608600 
0.614380 -2.016600 
-6.671500 1.202700 
-0.509930 -1.393700 
11.239000 0.134050 
-5.821200 -3.798200 
9.447900 -4.846400 
4.375600 2.841400 
-1.019500 12.757000 
-6.743500 1.193600 
-7.252300 10.406000 
5.820100 10.186000 
-6.054100 11.087000 
-13.132000 2.682200 
10.777000 -0.467650 
0.162990 -1.617300 
1.448200 -2.295200 
1.993600 -8.159300 
2.591400 5.086600 
-5.842500 -3.860800 
-6.774400 10.317000 
4.285000 -0.094616 
-6.724800 1.462500 
10.248000 -3.115800 
-9.434200 8.768400 
-0.332470 -1.444000 
0.878970 6.117500 
-5.783300 2.492600 
-10.243000 8.121800 
-1.690800 5.936400 
-1.038000 -0.808200 
4.053500 -0.303190 
2.976200 4.986900 
-12.797000 3.228800 
-3.707500 11.934000 
5.050200 2.086900 
3.428900 3.687700 
4.113800 -0.698710 
2.954200 -8.742100 
10.539000 1.179000 
0.833070 12.233000 
-1.191800 6.598800 
-0.055358 -1.711900 
-5.341500 4.092500 
4.132300 11.324000 
-6.191700 11.098000 
-6.748900 -2.221700 
-5.218200 -4.607500 
0.297610 6.346900 
-6.451300 10.983000 
3.685600 4.545700 
-4.309400 4.587100 
-12.127000 5.818800 
1.556500 12.328000 
3.987700 3.145500 
3.347200 -1.581900 
-0.416580 -1.722500 
-1.323500 5.900900 
-11.502000 6.430800 
4.165900 -1.216900 
4.525800 1.417000 
-3.285500 12.099000 
-5.403900 11.423000 
-4.849200 4.348400 
-0.070588 -1.648200 
-7.757200 10.289000 
8.211700 -5.778100 
0.912560 -8.529400 
-10.356000 7.315500 
2.462500 5.190800 
4.205600 -0.539960 
3.097300 -2.106400 
-0.747270 -7.748700 
3.313900 -0.781920 
3.572300 -1.252200 
-5.529300 2.974600 
-5.827900 2.944500 
-5.259800 3.458900 
-4.620100 4.488600 
10.625000 1.184500 
5.212800 2.022100 
2.413000 12.150000 
4.787400 0.515590 
-5.486500 -5.010600 
1.149300 -2.535600 
-1.705300 12.460000 
-5.065200 4.028000 
-12.360000 3.049900 
1.607300 -8.752900 
-6.524900 2.323900 
-3.512000 -6.286600 
-2.599800 -6.975900 
0.683120 -2.410800 
9.260000 7.212300 
1.912100 -2.685200 
2.101700 5.072200 
4.697500 -0.221460 
10.887000 0.058128 
4.836200 2.600500 
0.976840 -1.863300 
-7.132100 -0.585080 
-0.194000 6.042900 
1.528800 12.365000 
10.143000 4.592600 
1.975600 -8.158500 
-6.878900 -0.554370 
-10.114000 8.342000 
1.780400 6.184000 
10.528000 -0.357250 
4.625000 1.408200 
0.271210 -8.844700 
4.755100 -0.274290 
-5.944500 -3.797200 
1.173800 -2.167500 
-6.617500 -2.830100 
10.580000 -0.709480 
9.684900 -3.387700 
10.546000 -2.042300 
11.265000 -0.876680 
-2.680200 -6.902800 
-2.554600 -6.684000 
-3.744900 -6.223800 
2.128400 -2.203000 
-3.016200 -6.897700 
-12.532000 1.439600 
-6.143600 10.805000 
1.489900 -7.981400 
0.307490 12.116000 
-5.906700 2.661100 
-2.239700 -8.111300 
1.434600 6.043300 
2.075300 -1.793600 
8.910600 7.221800 
-3.899900 11.679000 
-0.838640 -0.977300 
-11.008000 6.871500 
-6.490800 -3.107300 
4.789500 0.695800 
5.381100 11.562000 
0.343770 5.742000 
-3.345200 -6.541500 
9.642500 6.454600 
6.280700 -7.219100 
10.794000 2.096000 
-2.041800 -7.702600 
-3.287100 5.764000 
-6.773800 0.091944 
3.317300 4.357500 
0.422400 5.917500 
1.966500 5.419100 
0.719980 12.047000 
4.502900 2.726700 
9.778600 -3.104100 
9.561000 -4.594600 
-4.067100 11.530000 
-4.946600 4.302800 
-5.684800 -4.249100 
-4.934500 -5.752100 
2.765800 -1.313100 
0.336850 -1.705600 
10.678000 5.161700 
2.053400 5.243700 
5.240300 -7.655400 
3.671800 -1.541400 
-6.528700 0.333910 
1.731700 -2.268800 
0.566360 -2.448700 
2.588000 5.416800 
-7.283400 -0.837310 
3.764600 -1.711900 
2.444900 -2.456700 
3.559000 -1.238100 
10.371000 4.931000 
6.966400 -6.122400 
4.380600 -8.403100 
-5.207600 4.101900 
6.354400 -6.530800 
-6.383700 -0.088632 
-4.807100 4.701600 
7.094600 9.630100 
-7.890000 9.857100 
4.564400 2.689200 
-11.290000 5.663900 
0.396160 -1.771400 
4.515000 -0.556590 
7.346400 -6.100000 
3.080100 -2.045300 
10.889000 2.422300 
10.061000 -3.660600 
3.907900 -0.071673 
4.597700 1.471200 
-1.624800 -7.228400 
8.621500 -4.969300 
2.859100 -8.665100 
-0.524360 -1.415000 
-0.818550 -0.898110 
8.401600 8.521200 
-0.012626 5.793600 
9.876400 -2.819200 
-10.011000 8.647900 
10.567000 -1.799100 
6.376800 -7.430000 
-0.047412 -1.515700 
-7.126800 -0.461890 
-0.119820 -1.739700 
-5.731300 11.020000 
1.900300 -2.031300 
0.173450 6.420200 
-3.398500 -6.712500 
4.098400 2.557800 
-12.233000 3.595500 
-5.149600 -5.368500 
-12.794000 3.657000 
-1.289700 -8.499400 
0.502730 6.755400 
