7.571700 -8.756300 
-8.962900 0.459060 
9.445400 -7.170100 
0.191870 2.211100 
-8.807700 -1.548000 
11.413000 -4.254400 
-5.847000 -8.178200 
-2.356800 -1.017100 
-8.666200 -1.146000 
-6.292000 5.890600 
6.084400 -1.570300 
-2.627100 7.686100 
-2.098900 1.548600 
-7.087400 5.372600 
1.622800 7.911700 
-2.448200 0.579440 
1.085400 -3.961500 
6.659800 3.322400 
12.809000 0.114370 
7.561600 -9.372700 
-1.960300 -2.370400 
4.371600 -2.982400 
11.003000 -4.781900 
0.282220 -10.365000 
-8.206400 -2.875800 
-8.627700 1.618400 
-7.026900 4.797300 
1.600300 8.156400 
-7.837000 -5.415100 
-0.454330 -4.297900 
1.090500 1.829000 
13.204000 0.215030 
12.875000 -2.139500 
-0.905090 -10.754000 
-0.240760 8.717000 
0.162120 2.580600 
-8.159700 -3.375900 
-2.763500 8.031600 
1.362100 -10.517000 
-1.954900 -10.269000 
4.785700 6.617200 
-8.376400 -2.567700 
-5.818700 -7.884300 
7.101000 1.158100 
12.812000 0.257240 
0.189060 -4.534800 
0.008020 2.651200 
-5.370700 7.045400 
5.849900 5.362300 
-8.451100 1.687900 
5.572800 -3.099100 
-0.082752 -10.568000 
-2.214400 -2.377900 
5.969000 -9.722300 
6.666200 4.092700 
-8.649300 1.313900 
11.850000 -4.477500 
-2.611400 -2.293300 
-1.929500 -9.673800 
5.706200 -2.001900 
4.461100 -10.293000 
-2.764300 -0.354830 
3.991400 -3.546400 
1.744800 -10.455000 
2.719700 -4.403200 
-1.320200 -10.155000 
0.482740 -10.548000 
-2.905300 -9.634300 
-0.749360 8.436000 
-2.218500 -2.734300 
4.928400 -9.835600 
6.072100 -2.115700 
-2.106200 2.192800 
2.538100 -4.021700 
-8.744600 -3.236000 
-4.849500 7.737200 
-9.282400 0.742310 
4.278500 -10.121000 
0.850100 -10.899000 
-1.798400 -3.480000 
6.789700 0.976020 
5.902800 -1.959900 
5.932800 4.928100 
-8.626200 -3.479400 
-9.120800 -2.874700 
-3.113200 0.386910 
-2.862100 0.395840 
-0.488860 8.511300 
4.156200 -3.067400 
-2.399300 7.660600 
-3.469100 -9.858100 
3.984800 -10.007000 
-1.626600 -3.149100 
-7.934300 -4.807800 
-1.569700 1.663600 
-2.680900 1.051300 
0.130010 -10.437000 
-7.937000 3.650700 
4.679500 -2.760600 
-0.580060 2.746000 
11.524000 -5.433500 
6.734600 -0.750030 
0.129950 2.625200 
-2.981500 -0.095033 
-2.094500 -10.041000 
0.634480 1.886700 
7.329100 1.969600 
-6.473500 5.841100 
6.041500 5.203000 
-7.893900 -6.049600 
-8.813400 1.537800 
-1.941800 0.960320 
-8.927200 -1.661600 
-2.515000 0.794190 
6.636500 -9.451400 
5.888700 -2.411800 
4.086300 7.309300 
6.629800 0.362670 
2.491100 -4.417200 
0.060105 -4.358200 
0.492650 1.802300 
6.305000 -0.123070 
-9.234700 1.375800 
6.300900 4.283900 
-6.988100 4.729000 
-2.645600 -0.546640 
2.811300 -10.449000 
7.156500 0.408960 
7.726400 -8.239000 
-4.752400 -8.371000 
6.134100 -9.426800 
13.047000 -1.873700 
-9.058400 0.779180 
1.172900 2.112800 
-0.337670 2.461500 
-1.137900 8.246000 
-0.827440 -3.229700 
6.186800 4.517800 
8.038900 -8.824600 
-2.989600 0.599480 
6.348600 0.115470 
-8.372800 3.451200 
10.164000 -6.864100 
0.262020 -4.145500 
6.352200 -1.140400 
10.293000 -6.042900 
2.535900 -4.145000 
-1.983600 0.580350 
-1.206500 -3.311400 
12.048000 -2.030300 
3.873000 -10.335000 
-3.043800 -0.719300 
-2.355500 -2.386200 
-1.984900 1.462400 
-2.049900 8.169200 
-8.604000 0.248920 
-0.439720 -10.090000 
1.891900 -4.446300 
1.299800 1.850800 
5.590200 -2.204300 
-2.533100 -9.875500 
6.305500 -9.290900 
6.635300 2.793700 
5.866900 5.457500 
0.747570 -4.545800 
7.313400 -8.977700 
-1.698100 -2.930400 
4.533300 -3.070900 
12.102000 -3.737200 
-0.174530 -10.022000 
-2.320600 -1.625100 
-1.045200 1.919100 
2.757500 -4.082100 
11.258000 -4.637600 
-2.232900 1.916100 
-2.280300 -0.226940 
3.807900 -10.573000 
6.124000 -10.065000 
4.933400 -2.968800 
1.058200 2.312800 
8.093800 -9.033300 
-5.614400 6.489600 
0.027671 8.846500 
10.678000 -5.479300 
-1.205100 -3.125300 
-2.485700 1.949900 
-1.393300 2.162800 
1.866000 7.755500 
-1.507100 2.131300 
-1.538800 1.347100 
6.183400 -1.438400 
5.904000 -1.557000 
5.876800 -1.791900 
5.305200 -2.986200 
-8.791600 -0.133370 
-3.104800 -0.284980 
-1.504400 -10.191000 
-2.301400 0.660230 
5.376300 5.676700 
-0.198930 2.137700 
2.223300 -10.100000 
5.512800 -3.019000 
12.238000 -1.717100 
-0.502050 8.588400 
6.531400 -0.488040 
4.057700 6.472200 
3.647400 7.339600 
0.293510 1.708700 
-7.136000 -5.246400 
0.016572 1.901400 
-1.406200 -3.168600 
-2.798800 0.362820 
-8.774500 0.382620 
-2.692000 -1.295700 
0.245280 2.662100 
6.561600 0.759320 
1.310100 -4.136200 
-0.401860 -9.953500 
-8.170200 -3.639200 
-1.523500 8.881200 
7.196700 0.889080 
10.711000 -6.006500 
-0.421490 -4.393600 
-8.747300 1.763400 
-2.965800 -0.887710 
-0.071123 8.725500 
-2.771600 0.539660 
5.739700 5.113700 
0.416090 2.375900 
7.030100 3.126900 
-8.462300 1.390800 
-7.371200 4.616000 
-8.784500 2.786600 
-8.441300 1.191500 
3.233500 7.718500 
3.852800 7.408400 
4.364100 6.374400 
-0.355890 1.830700 
3.716600 7.736700 
12.923000 -1.085000 
6.716600 -9.018200 
-0.524210 8.761400 
0.370310 -10.164000 
6.361300 -1.387600 
2.264100 8.003000 
-0.729760 -3.964000 
-0.216830 2.490600 
-7.143600 -5.720100 
4.832500 -9.874400 
10.865000 -5.173700 
6.890000 3.942500 
-2.599000 -0.345860 
-3.985400 -8.751600 
0.475640 -4.478800 
4.408700 7.328200 
-8.410300 -4.580600 
-5.134100 6.881300 
-8.583300 -1.048200 
3.146000 7.129700 
4.178100 -3.997800 
6.580500 0.978910 
-1.950400 -2.513000 
0.703890 -3.796200 
-0.076608 -3.712300 
0.314650 -10.363000 
-2.347500 -1.318500 
-8.170700 4.026300 
-7.094900 4.251000 
4.277000 -10.167000 
5.923600 -2.517900 
6.469000 4.643400 
5.132500 5.974800 
-1.813600 1.678100 
1.080600 1.949200 
-8.553000 -3.065800 
-1.192400 -3.921900 
-4.302500 7.420700 
-1.531600 1.539100 
6.832400 0.883240 
-0.190700 2.089600 
0.553670 1.751600 
-1.096000 -3.395300 
7.323900 1.620900 
-1.491200 1.573500 
-0.774590 2.663000 
-1.583400 1.622300 
-8.463900 -2.992000 
-5.611100 6.671800 
-3.014400 8.039500 
5.433600 -2.644100 
-4.534900 7.000500 
7.163600 0.760900 
4.736800 -3.156800 
-5.953100 -8.298900 
8.551000 -8.222900 
-2.484600 -1.614200 
11.199000 -5.092500 
-0.085360 2.264200 
-2.403500 1.486400 
-5.471200 6.452200 
-1.513700 2.437900 
-9.283600 -1.184200 
-8.145000 3.641400 
-2.455800 1.278900 
-3.107600 -0.341330 
2.707200 8.166700 
-6.846100 5.479500 
-1.652400 7.790600 
-6.844200 -7.194700 
1.208200 -4.632000 
-7.540000 3.990600 
9.979100 -7.233800 
-8.669300 3.110800 
-5.310800 7.198200 
1.136000 1.915200 
6.879700 1.432000 
0.696890 1.780000 
5.912100 -9.189700 
-0.488660 2.006700 
0.670690 -4.110400 
4.170600 6.649100 
-2.955400 -1.702600 
12.763000 -2.669300 
4.822500 5.527000 
12.186000 -2.695500 
2.113700 8.269900 
0.519850 -4.148400 
-1.599700 8.109400 
8.546700 -7.925500 
0.999490 -4.674600 
-1.914600 -2.487300 
6.974500 2.334900 
0.645300 -4.446200 
2.186100 7.622000 
6.273300 -1.833000 
-2.371900 -0.328840 
-5.245400 -7.694200 
1.028000 7.940400 
3.390100 -9.878600 
12.776000 -0.772560 
-2.892500 -1.156300 
0.016110 -10.839000 
-2.091700 -2.603300 
0.147570 2.132700 
-5.350200 6.598200 
6.718100 3.090600 
-1.803100 1.482200 
1.314900 -4.024900 
5.133600 5.032700 
-6.802000 5.710800 
0.062599 2.352600 
-1.275400 1.825300 
-1.797700 2.098000 
6.917100 1.629500 
4.368500 -10.416000 
8.601100 -8.003100 
3.180300 -3.537500 
5.926400 -1.582100 
-1.984800 1.754700 
-8.788300 -3.430000 
-9.230800 -1.915700 
4.987400 -2.635700 
-2.870100 0.201610 
7.143800 -0.397190 
10.695000 -4.981700 
5.096400 -2.597800 
4.830200 6.497900 
2.883600 -4.152600 
-3.617300 -9.249300 
-8.750200 -1.221400 
3.027400 8.133100 
5.685700 4.711600 
-8.611000 -3.165200 
11.204000 -5.179300 
-2.676300 0.674280 
1.069500 -4.553700 
-5.731300 -7.628300 
12.862000 -1.082100 
3.067100 -9.937400 
5.707900 5.574300 
0.617700 1.960100 
5.030100 -3.498700 
1.398700 -3.837900 
0.228160 2.590500 
-4.286500 7.317300 
6.963900 2.349700 
-1.641200 -3.118700 
-2.843100 -1.125300 
6.470200 1.527500 
-1.347600 1.766600 
0.770330 8.547600 
6.174100 -0.536790 
0.124080 2.091300 
-1.815300 -3.142400 
-5.681200 5.827400 
0.653940 2.422200 
6.781900 1.103500 
-1.925200 -1.969100 
-4.329300 -9.456700 
-8.171800 -5.410900 
0.834620 -4.215900 
-2.313000 1.364100 
6.030700 -2.580100 
6.346600 0.243330 
6.234700 3.800300 
11.363000 -4.572200 
5.407500 5.550400 
13.053000 -0.999320 
-5.345700 -8.181300 
-9.296500 0.945200 
-0.477660 -3.556100 
1.993300 -3.877800 
-4.766900 -8.114800 
-7.490800 -4.894500 
0.411860 2.472400 
0.145880 1.921100 
-9.221500 -0.736780 
0.127830 2.632400 
7.291800 1.163800 
5.919600 -2.806900 
-1.793900 2.307300 
-2.776300 -2.011300 
1.530800 -4.802700 
4.661200 -3.541200 
-2.170000 -2.794800 
0.655300 2.494600 
7.023800 0.363210 
-1.992400 1.364700 
-7.019000 -7.083700 
4.286300 -10.498000 
-3.332800 -9.203100 
0.468740 1.809500 
-5.317500 -7.942900 
-1.374500 1.991800 
-6.890500 5.287700 
-3.407500 -9.507900 
12.183000 -1.968000 
-3.237300 -0.861260 
-6.928500 -6.614200 
4.367800 6.949200 
-2.964000 -2.284200 
-3.406500 -8.899500 
-4.841900 7.399900 
6.295900 -2.191400 
6.765500 3.515300 
6.368400 4.533700 
0.598750 -3.826100 
-8.790600 -2.395900 
-2.982700 0.594740 
6.540700 1.916200 
5.401500 6.114500 
-2.369500 -0.497960 
2.601100 7.926100 
0.824010 -4.019200 
-2.704400 0.615410 
-3.085200 7.553500 
3.050300 -10.523000 
11.066000 -4.735500 
4.000200 -10.385000 
0.018195 2.549600 
6.297900 0.819160 
5.446000 4.759400 
1.256500 8.095700 
6.620500 3.438300 
1.475100 8.162200 
-2.213600 8.143200 
-5.610400 6.454800 
5.969400 -2.657600 
1.314100 7.755500 
-5.319700 7.068700 
2.711200 -3.777100 
-9.200500 -2.003100 
-4.958700 -8.585000 
6.332200 1.206400 
-4.633100 7.061100 
-6.640100 -7.413700 
-4.743600 6.876500 
5.819300 -2.427900 
4.719500 -3.454800 
-3.689800 -8.952200 
4.558300 -2.973200 
1.637800 -4.182700 
2.491800 -4.648300 
-2.761200 -9.748200 
-7.827000 4.281700 
0.575820 2.032300 
4.075300 6.920200 
-2.341300 -0.849230 
-2.749200 -0.504150 
-8.571000 -0.151170 
0.319510 1.958000 
10.183000 -6.792300 
13.394000 0.608300 
5.817500 -1.701300 
6.050000 -0.109560 
-7.843100 -5.720200 
-2.473900 -9.402900 
-1.268000 -3.892000 
5.392400 4.791900 
-2.340900 -1.468100 
4.784000 -3.031500 
-4.869200 -8.226300 
-1.862500 1.403600 
-0.788470 -3.371300 
-7.862900 4.939500 
6.152000 -1.967100 
3.741700 7.372300 
-2.378000 1.231800 
-1.878000 -10.290000 
2.928000 7.230400 
5.494400 5.606100 
-0.311940 2.024900 
-5.349300 -7.803900 
-2.536200 -9.801700 
5.789500 -2.009400 
-8.919800 0.120750 
6.472100 0.476490 
-1.332000 -3.328500 
-0.894550 1.938000 
-7.766500 -5.749900 
-8.499900 -4.199900 
6.573100 1.612700 
12.412000 -2.241000 
-2.476300 -2.397300 
9.368100 -7.925700 
-8.572400 -2.937000 
1.487900 7.982300 
3.643900 -4.237400 
11.966000 -3.606200 
0.224080 1.804900 
-2.377900 -1.230000 
0.021855 1.808700 
-1.302600 2.027600 
6.699800 1.338300 
-1.261800 -3.843100 
4.887300 6.464700 
10.505000 -6.962500 
-2.618300 0.189170 
13.160000 -1.404500 
6.432700 -0.127280 
-0.693790 -3.858000 
0.126810 2.520100 
5.796900 -1.937300 
-7.956800 3.411400 
-0.417590 2.289600 
-2.800100 -1.478400 
5.105300 -3.623300 
-2.937000 -0.304930 
-1.326700 -2.816000 
-2.233300 1.330000 
6.709200 0.596550 
0.867880 2.111500 
5.422000 -10.043000 
-7.928500 -4.656000 
-3.257400 0.079647 
-0.177100 2.708300 
-0.521280 -10.427000 
0.224200 1.763000 
0.932900 1.749400 
0.483780 2.635900 
0.993820 -10.043000 
7.974900 -8.343800 
12.139000 -3.705400 
1.197300 1.758200 
9.733000 -6.974300 
-2.214200 0.635470 
-2.819700 -0.150060 
-2.467000 0.448570 
-1.670500 1.635800 
10.990000 -5.846300 
-0.933830 -4.079300 
-1.633900 2.222800 
-8.745800 1.215200 
8.647700 -8.333500 
-1.150800 8.529900 
6.728000 -0.686200 
4.663700 -2.880400 
7.141600 -9.128500 
-2.475500 -1.936200 
-4.758200 -8.517500 
-4.318100 7.720700 
6.747000 1.113800 
-4.812100 -8.180700 
-8.909800 -1.675200 
3.849000 -3.850700 
4.494600 -4.028400 
-7.956100 4.618800 
-0.723230 -10.589000 
-8.005400 2.752300 
1.285700 -4.559200 
7.112500 0.389470 
-0.083647 2.747600 
0.065452 1.809300 
-0.269990 2.185700 
-0.969530 2.484300 
4.550000 -2.744000 
-1.384200 1.460000 
-3.580600 7.762000 
6.680200 -0.802050 
-2.456500 -1.192400 
0.137020 1.803800 
-4.432600 -8.850300 
2.781300 8.077500 
-5.436200 7.160700 
2.214000 -4.175900 
5.381100 5.366700 
-3.670600 7.466000 
-8.787900 -1.389100 
1.445300 -4.282500 
-1.990500 1.866800 
-8.643100 0.334570 
-3.215600 -1.250100 
2.767200 8.352000 
1.996700 8.055900 
9.682300 -6.949000 
-2.513700 1.046800 
-6.075000 6.207100 
4.665300 6.762900 
-8.201300 2.117800 
-5.531700 6.772900 
4.233100 6.313700 
5.203800 5.013900 
-5.844700 -8.156400 
-2.197800 -2.490900 
4.205900 -3.476000 
10.831000 -5.877900 
-5.047300 6.858400 
2.512900 8.048400 
0.258640 -10.546000 
-9.139000 -1.967200 
0.843390 8.042300 
-6.812400 -6.552900 
-5.984700 -7.858700 
-1.146000 2.147000 
0.255120 -4.315500 
-1.613800 2.324100 
-8.932700 -0.097199 
-2.048200 -1.715900 
12.848000 -2.334800 
1.315500 -10.897000 
8.086300 -9.467600 
-10.371000 0.480950 
9.993700 -7.986600 
0.297050 3.441600 
1.987600 2.059100 
-9.996500 -1.562200 
12.782000 -4.022200 
-6.524000 -8.172700 
-3.256400 -1.414600 
-9.805300 -1.735500 
-7.190000 5.892600 
7.499200 -1.690300 
-2.847300 9.137600 
-2.129500 2.628300 
-7.856800 6.618100 
2.306800 8.755700 
-3.459200 0.448810 
1.206000 -5.459400 
7.377600 4.013000 
13.504000 -0.217860 
7.900800 -9.624600 
-2.596000 -3.110500 
5.377700 -4.249600 
12.534000 -5.627700 
0.356630 -11.964000 
-9.748800 -3.658200 
-9.916900 1.548200 
-7.902900 5.520700 
2.178300 8.613400 
-7.908900 -6.435900 
-0.634200 -4.498400 
0.884680 2.270200 
14.200000 0.262500 
13.929000 -1.878700 
-0.607370 -11.695000 
-0.571650 9.391100 
-0.665920 3.234000 
-9.250900 -3.011200 
-3.184000 8.736500 
0.463650 -11.831000 
-2.213700 -10.585000 
5.169800 7.044100 
-9.608200 -2.484300 
-6.233000 -8.861700 
7.367600 1.435300 
13.744000 -0.160990 
0.376000 -4.696900 
-0.023103 3.631000 
-6.159700 7.264200 
6.604400 6.409200 
-9.655600 2.247900 
5.678200 -3.728700 
0.088534 -11.632000 
-2.704700 -3.224400 
6.581200 -10.723000 
7.462300 4.878200 
-9.917100 1.771500 
12.510000 -5.402300 
-3.242100 -3.183800 
-1.963300 -10.632000 
6.719700 -2.633900 
5.139900 -11.387000 
-3.270500 -0.593520 
4.786700 -3.740100 
1.386900 -11.394000 
3.012600 -5.548500 
-2.405100 -11.456000 
0.994860 -11.178000 
-3.741300 -10.203000 
-1.100900 9.423500 
-2.997200 -4.020800 
4.922900 -10.579000 
6.057000 -3.154000 
-2.286400 2.365100 
2.555100 -4.668300 
-9.468800 -3.439200 
-4.766300 8.542100 
-9.848200 -0.095649 
4.054100 -11.015000 
1.091300 -11.159000 
-2.610000 -3.735600 
7.372100 0.752500 
6.467800 -3.392000 
6.395500 5.808300 
-9.734100 -3.081900 
-9.859800 -2.651600 
-3.506900 -0.132270 
-3.820600 0.698130 
-1.192300 8.969100 
5.223600 -4.509200 
-3.129900 8.823400 
-3.869300 -10.831000 
3.990200 -10.826000 
-2.158000 -3.224600 
-8.600800 -5.374900 
-1.631800 2.440900 
-3.098300 1.596900 
0.361680 -11.077000 
-9.245200 4.252300 
5.173400 -3.418800 
-0.994790 2.900300 
11.949000 -5.729000 
7.470300 -0.579560 
-0.302920 3.592800 
1.717200 1.844800 
-3.858600 0.081407 
-1.868100 -10.841000 
-0.201510 3.033300 
7.646800 2.189200 
-7.006400 6.620800 
6.168400 6.054700 
-8.574400 -6.113500 
-9.499400 0.966940 
-2.626400 2.007900 
1.570800 2.235100 
-10.207000 -1.311200 
-3.742900 0.693030 
6.983300 -10.108000 
6.373700 -3.110600 
4.083600 8.458700 
7.877000 0.289810 
2.427000 -5.152400 
0.321140 -5.608600 
0.385620 3.016600 
7.671500 -0.202670 
1.509900 2.393700 
-10.239000 0.865950 
6.821200 4.798200 
-8.447900 5.846400 
-3.375600 -1.841400 
2.019500 -11.757000 
7.743500 -0.193550 
8.252300 -9.406400 
-4.820100 -9.186000 
7.054100 -10.087000 
14.132000 -1.682200 
-9.776900 1.467600 
0.837010 2.617300 
-0.448220 3.295200 
-0.993580 9.159300 
-1.591400 -4.086600 
6.842500 4.860800 
7.774400 -9.317000 
-3.285000 1.094600 
7.724800 -0.462520 
-9.248400 4.115800 
10.434000 -7.768400 
1.332500 2.444000 
0.121030 -5.117500 
6.783300 -1.492600 
11.243000 -7.121800 
2.690800 -4.936400 
2.038000 1.808200 
-3.053500 1.303200 
-1.976200 -3.986900 
13.797000 -2.228800 
4.707500 -10.934000 
-4.050200 -1.086900 
-2.428900 -2.687700 
-3.113800 1.698700 
-1.954200 9.742100 
-9.539400 -0.178980 
0.166930 -11.233000 
2.191800 -5.598800 
1.055400 2.711900 
6.341500 -3.092500 
-3.132300 -10.324000 
7.191700 -10.098000 
7.748900 3.221700 
6.218200 5.607500 
0.702390 -5.346900 
7.451300 -9.982900 
-2.685600 -3.545700 
5.309400 -3.587100 
13.127000 -4.818800 
-0.556480 -11.328000 
-2.987700 -2.145500 
-2.347200 2.581900 
1.416600 2.722500 
2.323500 -4.900900 
12.502000 -5.430800 
-3.165900 2.216900 
-3.525800 -0.417050 
4.285500 -11.099000 
6.403900 -10.423000 
5.849200 -3.348400 
1.070600 2.648200 
8.757200 -9.289000 
-7.211700 6.778100 
0.087439 9.529400 
11.356000 -6.315500 
-1.462500 -4.190800 
-3.205600 1.540000 
-2.097300 3.106400 
1.747300 8.748700 
-2.313900 1.781900 
-2.572300 2.252200 
6.529300 -1.974600 
6.827900 -1.944500 
6.259800 -2.458900 
5.620100 -3.488600 
-9.624500 -0.184520 
-4.212800 -1.022100 
-1.413000 -11.150000 
-3.787400 0.484410 
6.486500 6.010600 
-0.149260 3.535600 
2.705300 -11.460000 
6.065200 -3.028000 
13.360000 -2.049900 
-0.607270 9.752900 
7.524900 -1.323900 
4.512000 7.286600 
3.599800 7.975900 
0.316880 3.410800 
-8.260000 -6.212300 
-0.912100 3.685200 
-1.101700 -4.072200 
-3.697500 1.221500 
-9.887500 0.941870 
-3.836200 -1.600500 
0.023160 2.863300 
8.132100 1.585100 
1.194000 -5.042900 
-0.528760 -11.365000 
-9.142900 -3.592600 
-0.975620 9.158500 
7.878900 1.554400 
11.114000 -7.342000 
-0.780400 -5.184000 
-9.527600 1.357200 
-3.625000 -0.408230 
0.728790 9.844700 
-3.755100 1.274300 
6.944500 4.797200 
-0.173770 3.167500 
7.617500 3.830100 
-9.580500 1.709500 
-8.684900 4.387700 
-9.546400 3.042300 
-10.265000 1.876700 
3.680200 7.902800 
3.554600 7.684000 
4.744900 7.223800 
-1.128400 3.203000 
4.016200 7.897700 
13.532000 -0.439610 
7.143600 -9.805100 
-0.489950 8.981400 
0.692510 -11.116000 
6.906700 -1.661100 
3.239700 9.111300 
-0.434600 -5.043300 
-1.075300 2.793600 
-7.910600 -6.221800 
4.899900 -10.679000 
1.838600 1.977300 
12.008000 -5.871500 
7.490800 4.107300 
-3.789500 0.304200 
-4.381100 -10.562000 
0.656230 -4.742000 
4.345200 7.541500 
-8.642500 -5.454600 
-5.280700 8.219100 
-9.794200 -1.096000 
3.041800 8.702600 
4.287100 -4.764000 
7.773800 0.908060 
-2.317300 -3.357500 
0.577600 -4.917500 
-0.966540 -4.419100 
0.280020 -11.047000 
-3.502900 -1.726700 
-8.778600 4.104100 
-8.561000 5.594600 
5.067100 -10.530000 
5.946600 -3.302800 
6.684800 5.249100 
5.934500 6.752100 
-1.765800 2.313100 
0.663150 2.705600 
-9.678300 -4.161700 
-1.053400 -4.243700 
-4.240300 8.655400 
-2.671800 2.541400 
7.528700 0.666090 
-0.731720 3.268800 
0.433640 3.448700 
-1.588000 -4.416800 
8.283400 1.837300 
-2.764600 2.711900 
-1.444900 3.456700 
-2.559000 2.238100 
-9.370600 -3.931000 
-5.966400 7.122400 
-3.380600 9.403100 
6.207600 -3.101900 
-5.354400 7.530800 
7.383700 1.088600 
5.807100 -3.701600 
-6.094600 -8.630100 
8.890000 -8.857100 
-3.564400 -1.689200 
12.290000 -4.663900 
0.603840 2.771400 
-3.515000 1.556600 
-6.346400 7.100000 
-2.080100 3.045300 
-9.888600 -1.422300 
-9.060900 4.660600 
-2.907900 1.071700 
-3.597700 -0.471230 
2.624800 8.228400 
-7.621500 5.969300 
-1.859100 9.665100 
1.524400 2.415000 
1.818600 1.898100 
-7.401600 -7.521200 
1.012600 -4.793600 
-8.876400 3.819200 
11.011000 -7.647900 
-9.567000 2.799100 
-5.376800 8.430000 
1.047400 2.515700 
8.126800 1.461900 
1.119800 2.739700 
6.731300 -10.020000 
-0.900290 3.031300 
0.826550 -5.420200 
4.398500 7.712500 
-3.098400 -1.557800 
13.233000 -2.595500 
6.149600 6.368500 
13.794000 -2.657000 
2.289700 9.499400 
0.497270 -5.755400 
