3.3679 0.49476
1.8939 4.4269
2.337 5.6355
3.221 3.3254
4.7422 3.7283
3.7516 2.0789
2.4622 2.4484
1.7352 5.6834
0.88259 4.285
3.3935 4.801
-0.60061 6.044
2.4208 1.2935
3.3689 3.4585
4.1476 1.9241
3.7864 2.5974
5.2224 3.0049
1.0818 5.6287
2.7893 5.36
2.9427 3.8005
5.2526 4.771
2.3035 4.8801
0.43623 6.3328
4.2276 3.7595
3.3218 3.8454
3.449 2.4882
5.7167 1.9872
3.8529 2.5217
4.3328 2.8393
2.0298 5.5066
1.8312 5.6546
1.2013 8.3517
3.0224 5.5145
3.9808 2.3147
3.7987 3.2505
2.0222 4.8705
2.7871 4.2276
6.726 3.1203
3.1279 3.1118
6.5358 -0.16122
3.4824 3.976
3.2508 3.6895
1.9789 5.0091
4.5158 1.981
2.8192 1.4057
1.5108 5.0847
2.7438 4.3038
5.5786 -0.53006
1.3419 6.839
6.7674 -0.20087
4.2435 1.5662
4.0405 3.2036
6.1862 4.5211
5.1991 0.52902
4.3157 2.2297
3.1752 1.7187
2.808 5.1317
8.4679 -1.6307
3.7629 5.7632
5.5283 2.7895
1.8995 2.6135
2.2003 3.0611
2.5455 3.8163
3.9341 3.2487
0.96004 4.4008
3.4841 4.0875
5.1011 1.7066
4.032 3.2373
6.9657 1.3151
4.707 2.0749
0.10929 6.0226
0.19741 6.8886
5.1385 -0.031894
3.1377 1.3938
6.886 0.61254
5.6016 1.6336
6.0086 1.3473
0.9891 3.4954
7.7085 0.7458
3.4256 4.6726
2.8643 4.0078
6.5231 0.11114
4.9466 1.2135
3.8974 6.0109
3.6282 0.89927
2.5134 2.6998
5.1636 2.5346
0.014169 5.796
2.8696 2.6933
2.5001 0.95754
3.0668 4.0968
2.5687 5.2031
6.3204 0.21436
4.4363 3.6755
4.2122 2.1506
7.2605 -1.5042
4.8953 2.9701
4.4853 2.6367
3.5026 3.186
8.7857 -1.3224
1.9155 4.5856
4.3798 3.4969
4.8648 2.9838
3.9878 3.0061
3.7205 1.3103
0.78721 8.5231
7.0723 1.4255
5.683 0.28008
4.48 4.0269
2.4599 5.0344
3.4706 4.3693
4.6097 2.5095
3.4152 5.0676
4.3008 3.6123
2.0655 4.0636
3.4601 3.9197
3.3705 3.5198
6.684 3.8029
3.0274 1.6355
3.4116 4.1932
6.6918 -0.67946
2.8696 5.1019
2.2842 3.9823
2.7498 3.7135
6.7665 0.65621
1.2149 5.1801
1.3689 4.7719
4.5368 3.788
0.53176 5.9141
3.1418 4.237
3.5321 2.1201
2.129 5.3741
3.3615 2.6245
5.6317 0.31157
3.3296 4.6668
7.3407 -1.2773
5.31 2.9258
2.8433 3.631
3.6828 4.6418
2.5751 4.1963
3.5728 5.6592
1.9435 4.7458
1.2665 4.814
8.7181 -0.27186
3.6136 2.4376
3.6243 2.1594
4.1093 5.2982
2.4187 4.1964
8.3954 -0.44345
6.1691 2.4631
4.5203 -1.529
6.105 1.5131
4.8662 1.347
3.5264 4.5943
-0.15822 4.3694
6.8566 -1.2359
3.8188 4.5777
2.2307 4.0139
2.9923 4.9316
2.9375 5.5945
4.4696 2.8496
8.1904 -2.8281
4.0643 0.31797
5.0892 2.1207
3.0215 2.4594
3.0521 5.0074
3.7753 3.5288
2.6462 3.5798
3.9937 2.1073
5.046 4.0006
2.2482 4.8251
4.3375 3.9466
2.2379 5.0043
6.0222 2.3587
0.83915 6.3637
4.4483 1.6608
4.5796 3.174
1.8565 3.6683
3.9809 2.9965
3.4606 3.3675
1.9135 3.8734
5.0943 2.2319
0.061782 5.8169
6.7269 -0.91075
6.8909 -0.71344
6.481 3.267
1.0633 5.9601
4.535 1.9982
2.4753 2.7303
2.5468 3.4091
4.469 1.2386
3.0001 2.5782
1.3858 5.7303
3.0943 2.6251
2.3207 3.3579
-0.35792 6.1733
4.5004 0.43925
0.65059 4.513
0.00178 4.1249
5.3877 3.6405
2.5131 4.1634
1.6254 5.2365
5.4377 0.11341
3.5701 2.0418
3.9703 4.2267
5.9433 0.91708
6.2235 2.7788
2.6886 3.0092
4.7892 2.7937
4.0482 4.1925
4.5021 3.5571
5.7656 2.5422
2.2204 1.4259
5.5496 4.836
5.3222 1.7582
1.9979 6.7894
5.0521 -0.42642
2.628 5.4883
1.1304 4.662
3.3796 5.2984
4.2158 3.2734
3.0916 7.9675
1.9692 5.7493
5.0261 0.24641
4.1914 1.8331
3.8841 4.3337
1.7808 5.8333
3.0506 3.0791
4.0415 1.3459
5.7115 0.31566
-0.080222 4.1425
4.0309 4.0036
5.0422 1.3735
7.681 -0.40198
6.961 -0.45573
1.6007 6.2459
1.1754 4.6276
1.5677 6.9905
-0.2732 4.8702
2.5301 2.97
3.5011 3.1208
1.562 5.7044
1.2971 6.7086
7.7444 -0.086603
5.3755 1.1761
6.1144 0.28659
2.3818 5.4778
3.9646 4.8193
1.7845 4.9445
4.3337 5.0078
4.6686 2.0692
2.8362 3.4201
1.4082 4.3469
0.84876 6.9841
4.2763 4.6679
1.7885 4.7511
5.5988 1.6364
1.9734 5.8529
2.1774 1.4225
-1.5473 7.8493
6.7394 2.1565
3.0245 4.5762
2.8839 4.502
4.6075 1.6348
3.8834 2.6093
1.5821 4.9741
3.5164 3.1386
2.5739 4.0369
3.555 5.5173
1.3809 6.6371
1.9564 6.2221
5.1115 2.3484
2.458 4.4471
5.3775 0.071817
7.2145 0.31452
5.6636 1.8159
1.3373 4.6527
-0.13712 7.67
0.11261 6.5158
5.062 1.6179
4.3004 4.1776
4.4776 4.336
5.3368 -1.6453
2.5776 2.2231
1.0643 6.0361
3.3782 4.4792
2.1629 2.933
3.6072 4.9904
0.56388 6.9387
6.1562 1.7221
3.2125 3.0434
1.4097 9.2219
2.2119 5.641
3.8286 2.4988
2.7285 2.667
5.9733 1.2282
4.6246 4.8934
2.6816 2.838
4.2387 3.6371
3.3138 4.845
4.135 2.0379
6.2815 1.4231
2.9548 5.4455
2.0766 4.2004
6.7289 -0.46113
6.4131 0.78507
3.7515 3.9215
9.5935 -0.34663
0.55789 5.6223
5.3721 3.3243
3.2914 3.8979
3.9241 2.6074
4.3142 4.8666
5.4116 0.79641
4.2763 3.0396
5.8786 2.4889
4.9972 3.1654
5.5465 1.6115
5.3844 1.5476
7.1193 2.4526
2.4057 3.5779
1.5671 3.9346
5.9835 3.1582
1.6802 3.9198
1.6413 3.7141
0.57138 5.8603
4.1952 4.9672
5.6972 -2.6665
5.5834 0.64289
3.4168 5.1322
4.0269 3.2311
6.6187 1.6396
4.0808 5.1057
0.41271 6.468
2.1635 4.9967
3.7405 2.354
3.5869 2.1394
4.8233 2.2101
2.5496 6.1772
2.7668 5.7298
0.25118 4.8794
1.5468 3.6929
3.4863 2.9722
1.6381 4.1951
2.6049 4.5814
3.2995 0.67438
4.8147 1.5638
1.872 3.5219
3.2958 4.3634
4.6738 4.3827
0.71873 5.2748
8.0198 -1.7585
6.9791 0.49213
6.0626 2.8614
5.9389 2.4632
5.0631 1.1877
5.021 1.9816
2.1996 4.4969
2.2198 5.4934
-0.95963 5.2875
-2.8473 7.6546
4.882 1.814
3.5842 3.5973
1.9341 2.7728
3.4975 3.3233
4.0084 2.3556
-0.00075933 5.731
4.1896 2.738
4.5855 -0.139
1.2839 2.6905
6.788 1.7803
2.1548 2.9534
5.4277 2.0068
-0.48874 6.6849
4.465 2.4401
3.3831 3.5817
2.3033 5.3067
2.7204 5.576
5.5806 2.5209
1.8537 4.8602
3.6833 3.2198
4.7862 1.6391
6.5345 -0.11293
2.0203 3.1749
7.7706 1.0208
2.9969 2.1085
4.6755 2.5646
-1.1786 5.0885
5.9651 1.5088
4.8592 2.4361
4.5543 3.8047
1.871 3.9547
5.3481 3.4662
1.8093 2.7165
4.1597 2.9198
2.4999 5.1225
2.6157 2.9374
4.394 -0.19814
-0.42548 5.9729
2.5016 3.0485
1.8019 3.2702
5.3102 0.50546
4.8963 2.115
3.4452 2.5045
2.9208 1.7531
4.569 2.5586
2.9601 5.0784
6.2324 1.2182
0.038642 6.6069
6.7039 2.3393
3.7802 1.3727
2.9572 2.9489
3.1211 4.7727
4.091 3.5579
3.7342 2.8381
3.0619 3.6577
0.97595 4.8198
2.7258 5.0643
4.3318 3.611
3.7567 4.2273
1.0731 6.4222
0.79076 5.7959
4.9698 2.7411
-1.4044 7.3708
4.307 1.0505
6.6288 -0.14529
2.6368 7.2412
4.9373 2.818
4.1627 2.6337
3.5226 3.1032
5.2147 3.3965
3.4042 3.8573
5.0162 0.058583
3.2147 2.0831
1.4486 6.4307
6.4623 1.6425
4.5475 2.705
3.8872 2.595
6.29 3.5926
5.3976 1.5033
8.6131 2.3637
1.3546 5.2519
4.1518 4.5043
3.503 5.1387
1.9067 7.1323
3.6508 4.7907
2.1129 2.8785
-0.37945 7.0407
0.8905 4.9252
4.9155 0.96261
3.3652 2.6289
-1.3593 8.076
6.9599 0.61445
3.2094 3.5415
1.3823 5.2849
5.6559 1.1361
3.5455 1.8475
0.86749 6.5591
4.5087 3.7749
5.4643 0.23897
4.0969 3.1535
4.1608 2.0289
5.5723 2.3869
1.6752 5.49
1.1182 6.3951
8.563 -1.3012
1.7127 3.8945
3.2391 3.7407
2.7523 3.2101
1.1302 6.5638
2.9315 1.5343
7.1856 0.69621
3.5771 5.0391
4.8247 5.7171
3.5515 2.6731
2.096 4.3844
5.2302 2.2991
4.592 1.9391
0.92619 5.1895
5.7486 1.0725
3.2461 2.3419
3.3204 5.954
1.7851 5.9614
3.6636 2.3099
5.3184 1.1608
3.8586 2.3917
5.3079 1.0601
1.1554 3.5168
1.6404 3.2924
4.7581 2.1656
6.6214 -0.97604
-0.043423 7.6306
3.2663 5.1176
4.1302 2.8931
5.0364 1.1807
2.8097 5.3126
0.45153 6.5805
0.064141 4.8304
2.1747 4.3856
5.1085 2.4882
4.4842 2.1504
