15.258000 0.115080 
16.671000 -1.072300 
16.733000 1.577400 
14.472000 -0.281590 
15.268000 0.653220 
19.092000 1.544300 
12.556000 -0.915540 
14.236000 -0.421920 
18.948000 0.508030 
15.517000 -0.452300 
14.977000 -2.621100 
8.562100 -1.543800 
12.143000 -0.510600 
12.885000 -1.109300 
13.156000 -0.556740 
17.658000 0.713190 
16.515000 0.815280 
13.189000 1.965300 
17.500000 0.928270 
17.662000 0.968540 
10.202000 -1.875500 
7.907300 -0.205900 
12.450000 -0.383010 
14.475000 0.528360 
17.557000 -1.196700 
21.910000 1.654100 
14.861000 2.213100 
15.395000 -0.837220 
17.578000 -0.269640 
19.731000 1.946000 
17.643000 1.748800 
12.283000 -0.925290 
19.957000 1.167700 
18.981000 0.194050 
18.518000 2.746900 
14.267000 -3.246100 
18.137000 -0.815040 
12.633000 1.137100 
14.105000 0.531800 
13.754000 -1.307100 
11.698000 -0.443310 
13.725000 1.146000 
12.004000 -2.563200 
13.890000 -1.980200 
21.810000 2.163900 
14.921000 0.670220 
12.932000 -1.107600 
18.296000 0.783190 
15.180000 0.472260 
12.042000 -2.512100 
14.781000 -0.985700 
17.693000 -1.209300 
14.551000 -2.369300 
18.929000 0.956500 
20.154000 0.414210 
12.228000 -2.331500 
12.884000 -3.567800 
11.156000 -2.946900 
14.573000 -1.983600 
13.681000 -0.786010 
20.449000 2.446700 
15.145000 -0.755910 
20.712000 2.797500 
19.632000 1.926700 
20.654000 1.007100 
14.117000 0.046896 
15.652000 1.781300 
14.975000 1.284200 
18.493000 1.399600 
15.482000 -2.249900 
14.777000 -1.562500 
15.720000 -0.229100 
13.274000 -2.839500 
17.939000 0.636180 
17.361000 -0.700130 
19.094000 1.568500 
15.405000 0.233900 
13.402000 -1.196400 
23.340000 2.330700 
19.918000 1.876300 
17.242000 -0.448330 
20.867000 2.247700 
20.950000 0.566100 
18.054000 0.061518 
16.604000 -0.082546 
16.623000 0.018329 
17.471000 -1.153700 
16.586000 -2.234900 
21.493000 1.322200 
21.135000 3.815800 
21.017000 2.714600 
18.771000 0.835160 
13.950000 -0.409510 
16.723000 -1.076000 
14.810000 -1.482800 
16.438000 -0.379230 
13.345000 -0.116010 
19.224000 1.268100 
17.552000 3.804100 
16.690000 1.661400 
11.322000 -1.278300 
11.908000 -1.332500 
15.572000 -1.709900 
15.260000 -3.221400 
21.153000 -0.987960 
17.034000 1.573600 
22.558000 1.340100 
17.636000 -1.571900 
14.111000 -1.886500 
19.767000 0.889300 
16.432000 1.106300 
16.414000 1.842000 
19.361000 1.928200 
14.953000 0.519870 
18.801000 0.463800 
13.958000 -0.500800 
17.001000 1.510100 
16.854000 1.300600 
12.254000 -1.126500 
19.065000 0.715650 
16.063000 -1.435400 
13.575000 0.804780 
15.692000 -0.759840 
17.581000 -0.358640 
23.217000 3.019100 
12.747000 -2.235300 
18.972000 0.486580 
14.722000 -1.201700 
10.932000 -2.221200 
15.806000 -0.127150 
20.743000 2.822000 
17.619000 1.562200 
17.520000 0.567000 
14.901000 1.397100 
20.281000 2.180000 
12.436000 -1.242700 
16.674000 0.134420 
17.244000 0.789310 
21.644000 2.268600 
14.256000 0.744600 
15.339000 1.200800 
15.734000 -0.795860 
12.609000 -0.661570 
14.775000 -0.365720 
13.989000 0.644300 
9.275800 -2.624600 
15.374000 2.107100 
16.428000 0.491000 
19.698000 1.222400 
16.102000 1.021300 
13.087000 -1.642000 
14.938000 -2.264800 
15.831000 0.321890 
14.409000 0.396450 
15.664000 0.640060 
13.030000 -1.414700 
21.555000 1.870700 
12.999000 -2.148200 
11.775000 -0.600590 
14.770000 1.663400 
16.549000 0.132990 
14.882000 -1.197200 
15.843000 1.357200 
16.367000 -1.203100 
7.325000 -3.342500 
12.995000 -0.824730 
12.491000 -2.509600 
18.527000 2.281700 
20.035000 1.802400 
18.694000 -0.577150 
14.201000 -1.104900 
12.987000 -1.820500 
19.446000 1.113000 
14.759000 -1.153000 
17.731000 -0.442200 
14.087000 -2.332000 
13.929000 -0.907510 
10.867000 -1.478400 
15.765000 -1.533200 
14.914000 -0.591100 
14.138000 -1.244600 
17.787000 2.596600 
11.887000 -1.026500 
16.023000 2.230500 
17.639000 0.067232 
15.063000 1.270100 
12.605000 -0.007743 
14.200000 -0.229540 
14.202000 -2.557200 
13.444000 -2.229300 
14.054000 -0.461300 
20.454000 3.158700 
16.127000 1.083700 
13.898000 0.048309 
17.344000 1.172600 
20.024000 1.342000 
15.678000 -1.515500 
18.585000 1.511300 
16.982000 -1.099700 
11.097000 -2.601100 
17.963000 0.464580 
16.572000 -2.032200 
14.096000 -1.435900 
17.897000 0.538250 
14.201000 -1.763400 
19.524000 -0.091463 
21.151000 2.311400 
16.393000 1.572300 
18.332000 1.260500 
18.647000 1.352500 
15.046000 -1.661300 
17.978000 -0.109050 
16.471000 0.272020 
13.450000 -1.944500 
16.387000 1.054600 
15.009000 -1.536800 
16.382000 -0.124390 
14.549000 0.301850 
19.002000 0.676550 
11.883000 -2.364600 
17.417000 0.108120 
15.349000 -0.629740 
15.821000 1.109600 
18.198000 0.885740 
18.807000 -0.123620 
13.317000 -1.846400 
16.620000 -0.166590 
20.081000 0.575230 
11.268000 -1.638800 
20.887000 1.772600 
18.548000 2.994500 
12.983000 -1.698500 
14.146000 -0.467820 
19.573000 1.273700 
18.143000 -1.732200 
13.827000 -2.297500 
18.377000 3.266400 
17.454000 1.348400 
9.890200 -0.997200 
17.396000 0.610670 
11.974000 -3.721600 
17.767000 0.886950 
14.048000 -1.137400 
17.146000 0.542050 
18.355000 1.901200 
17.349000 1.797300 
14.965000 -0.603460 
22.452000 1.439100 
18.785000 0.564790 
12.732000 -0.476240 
12.850000 -1.537900 
16.076000 -2.044200 
18.642000 0.649480 
19.423000 -0.263310 
17.979000 1.719300 
18.224000 0.052489 
17.380000 1.116000 
18.001000 -0.217280 
14.292000 0.127190 
15.804000 -0.290480 
13.316000 0.542990 
13.666000 -0.738110 
17.954000 1.003600 
12.278000 -1.380800 
16.638000 -0.000394 
21.199000 1.916400 
17.026000 -0.124350 
15.268000 -1.151600 
12.957000 -0.659080 
15.152000 0.573110 
21.564000 0.596480 
17.669000 0.023816 
15.555000 1.472300 
17.278000 0.614580 
22.083000 3.976300 
18.711000 0.827280 
11.662000 -3.305200 
12.743000 -0.864510 
13.630000 -0.298170 
16.190000 0.396250 
14.147000 -1.443400 
16.679000 -0.839590 
19.351000 1.000200 
12.697000 -1.427100 
19.155000 3.268200 
17.165000 -2.140100 
12.819000 -0.700580 
17.865000 1.217100 
16.050000 0.502210 
21.729000 1.055500 
11.202000 -3.402800 
17.839000 2.098000 
18.141000 -0.179840 
17.884000 1.264700 
13.563000 -1.253600 
19.166000 0.719340 
13.749000 -1.866400 
13.551000 -0.816510 
12.412000 -2.501600 
16.953000 -0.117130 
15.062000 -2.394900 
20.965000 0.865970 
22.008000 1.811300 
14.511000 -0.069999 
13.105000 -1.068500 
18.424000 1.410700 
15.514000 0.716730 
10.753000 0.391910 
21.397000 2.210200 
14.737000 -2.190100 
15.516000 0.470900 
13.419000 -1.805500 
14.474000 -0.756080 
16.608000 1.403300 
16.800000 1.588300 
12.861000 -1.032900 
17.639000 1.055500 
9.608000 -2.194600 
12.593000 -1.816800 
14.897000 -2.732000 
17.133000 1.200800 
18.261000 0.613810 
15.115000 1.314400 
15.647000 0.089636 
15.402000 -1.229900 
13.901000 -3.176500 
18.082000 -0.488680 
16.139000 1.469100 
17.968000 1.259100 
13.748000 -2.101500 
14.975000 -0.484620 
17.067000 1.052100 
18.709000 2.038400 
15.869000 0.440620 
12.011000 -1.922100 
17.602000 0.202430 
16.262000 -2.331100 
15.309000 -0.380790 
10.527000 -3.432600 
16.748000 -0.537450 
18.517000 0.444690 
18.346000 1.757800 
17.319000 -0.623390 
16.012000 0.070768 
13.634000 -1.222600 
20.218000 1.451600 
13.239000 -0.171560 
13.562000 -1.913200 
19.770000 -0.077887 
16.186000 -1.275600 
15.146000 -0.776320 
14.946000 1.401800 
14.801000 -1.244300 
14.459000 -0.984220 
17.546000 0.132700 
13.375000 -1.035100 
18.381000 0.069913 
12.853000 -1.918600 
17.285000 -0.472550 
18.992000 -0.468470 
15.717000 -0.525490 
17.487000 2.215000 
12.547000 -0.815930 
13.766000 -0.000418 
16.757000 -1.161000 
16.245000 -0.467190 
17.214000 -0.308940 
14.042000 0.870710 
10.077000 -2.090800 
16.242000 -0.969170 
11.775000 -1.221800 
16.550000 1.299800 
12.675000 -0.231860 
18.248000 1.956700 
15.517000 0.410740 
