-2.424800 -0.797120 
-0.727600 0.583440 
-3.144100 -3.112400 
-1.985000 5.709800 
-2.408100 0.819100 
-1.975200 2.447300 
-3.996600 -0.664000 
-1.685700 -4.597500 
-0.092512 3.012300 
0.916770 -2.339500 
-2.811200 -0.756510 
0.826350 2.268500 
-1.793900 -0.450740 
-3.306700 -0.048739 
-1.319700 3.129000 
-1.759800 -0.592490 
-0.276670 1.223600 
-2.423600 2.191600 
-0.674060 2.917700 
-2.478700 3.800900 
-1.251300 1.373400 
-1.225700 -2.217600 
-0.133300 0.910290 
-1.564000 -1.449000 
-1.569900 2.970400 
-0.726310 3.293000 
-1.345900 1.653800 
-0.097798 1.036800 
-0.978530 3.283500 
1.026100 0.542590 
-4.379300 -2.390800 
-0.061365 4.566700 
-1.813900 6.278900 
-1.078500 1.003900 
0.727580 3.567500 
0.686140 0.181170 
-0.178530 -4.410600 
-3.182900 1.253600 
-0.249710 0.099057 
-0.821270 3.470400 
-2.400500 2.851400 
-1.960800 -1.980900 
-0.468160 1.370000 
-3.311900 -0.423830 
-1.534200 0.669620 
1.250400 1.275000 
-2.049800 0.253060 
1.103200 5.384400 
-0.632090 -0.621280 
-0.687770 -2.471200 
-1.666700 2.672400 
-2.804800 2.118400 
-0.389850 4.727300 
-0.722700 4.662100 
-1.171100 4.989100 
-1.325800 4.641800 
-1.880600 -2.153100 
-1.494400 1.416500 
-2.085200 1.357200 
-0.225800 1.460400 
0.480130 2.023500 
-1.674700 2.192200 
0.070628 5.526000 
-1.636300 -1.431100 
-2.150300 3.005100 
-2.083000 3.324400 
-1.803200 1.526600 
-0.221430 5.766600 
-2.540800 0.735800 
-1.494400 2.375200 
-0.342390 0.028686 
-0.932980 -0.946340 
-1.289400 4.760900 
-2.395500 2.808900 
-0.939260 3.952000 
-4.304600 4.550800 
-4.170400 1.228300 
1.335200 2.090900 
-1.004800 -0.998950 
-0.641580 -1.994900 
-3.387600 -1.364700 
-2.055400 -3.896700 
3.114800 6.640600 
-0.280050 1.816100 
-0.304020 2.553500 
-0.320660 8.095200 
-1.699100 0.833690 
-0.602180 0.131370 
-0.358860 0.233390 
0.048537 5.104400 
-2.812600 5.027800 
-1.706200 -2.391800 
0.171700 4.791300 
1.476800 2.494200 
0.396970 4.771100 
-2.553400 -1.998900 
1.629700 5.412700 
0.720310 6.410100 
-1.749200 3.557200 
-0.152510 3.143300 
-1.634500 2.056600 
0.210420 2.255600 
0.195820 5.632800 
-3.312500 3.832600 
-2.116900 1.808900 
-1.641600 0.087816 
-2.401600 1.576800 
0.282230 6.507600 
-2.827700 0.001158 
-3.141200 -2.660000 
0.408230 3.662700 
-1.762200 4.154600 
-2.949400 0.631350 
-0.094887 4.227200 
-2.102100 -0.194720 
-0.384960 0.969100 
-1.270000 -2.299600 
-1.709200 -0.897320 
0.456370 -1.111400 
-1.027900 2.631700 
-1.627100 -0.832320 
-2.951900 -3.457900 
-0.077073 9.322300 
-2.568200 -1.212800 
0.054475 5.486900 
-1.249500 0.785250 
-0.017855 4.646100 
-4.394300 -5.301300 
-2.306100 0.102280 
-1.273600 4.817000 
-0.286580 1.849100 
1.930700 3.946800 
-1.663100 -2.039900 
-1.230500 8.034600 
-2.473900 -0.990660 
1.781900 2.502200 
-3.012500 5.172700 
-1.028700 5.259200 
-2.986200 -0.138910 
-0.158350 2.530600 
-1.612100 3.622500 
-3.676700 3.676200 
-0.071485 3.382600 
-2.523200 2.519200 
1.125900 6.641900 
0.222820 1.122800 
1.660600 9.814500 
-0.669420 6.278200 
-2.041400 1.195500 
-0.590640 -1.479000 
-1.126800 2.949400 
-2.328100 -0.076946 
0.038415 4.906900 
-1.829500 1.124400 
0.597550 3.003300 
-1.967700 -3.918400 
-2.336600 -2.162900 
0.631510 -1.889400 
-3.831200 -1.231500 
-2.926900 2.035900 
-1.722200 -2.838900 
-0.725730 0.351750 
0.409810 4.801800 
-1.626000 5.597200 
0.904440 5.014400 
-0.967530 3.363000 
-0.362680 8.040500 
-2.261000 3.551500 
-0.670770 -0.171270 
1.713000 7.355100 
-0.307880 2.017200 
-1.857100 4.623100 
-0.068930 7.063900 
-0.254760 2.073600 
-1.034900 0.646570 
0.827660 -0.419870 
-2.497200 -0.712710 
-1.419700 1.939900 
-0.895040 -2.144500 
-1.066500 4.927300 
0.307420 1.256200 
-0.904500 1.217400 
-0.118250 1.298300 
-1.488800 0.608090 
-2.110400 2.536700 
-1.178800 0.339700 
-2.155500 0.086596 
-2.127900 1.094400 
-1.122300 1.282800 
0.636900 7.668100 
-0.677480 3.211800 
0.210580 5.439500 
-3.535100 -1.261900 
0.372310 7.871300 
-2.494600 -1.265900 
-1.940500 -3.279900 
0.253230 3.470000 
0.342850 3.849700 
-0.231430 3.386300 
2.204300 6.007400 
-0.906910 0.027051 
-4.166100 -2.883600 
-3.599600 -2.316200 
-2.111500 0.631130 
-0.372370 6.104800 
-2.178600 2.682100 
-2.618600 -0.911230 
-0.843150 2.918700 
-1.010900 -0.003606 
-0.322980 -0.116140 
0.608070 2.098300 
-3.058800 -0.209560 
-3.938500 1.449500 
1.267900 3.779800 
-2.163200 1.285900 
-0.917080 2.262800 
1.954000 1.649100 
-0.051224 4.031000 
-1.583700 2.005900 
-0.620910 -0.304110 
-2.737300 -2.462500 
-0.742670 -1.358600 
0.885900 12.981000 
0.047202 3.082600 
-1.134200 3.795900 
0.275300 3.008800 
-3.426600 -0.533930 
-2.003000 4.674800 
-0.444800 3.271200 
-1.799000 -1.190800 
-1.199200 2.943200 
-0.161110 7.334200 
-0.440750 9.674900 
-1.051900 6.283200 
-2.831400 2.334900 
-1.496700 0.814710 
0.733600 -0.372160 
-0.018997 2.882100 
-4.112800 2.789200 
-2.687400 -4.399700 
0.091847 0.360790 
-1.187700 3.854400 
1.301200 4.725500 
-2.150100 0.149610 
1.106600 4.249000 
0.066211 2.072200 
-0.525140 7.898000 
-1.947200 -3.095100 
-1.264300 -3.244300 
-2.434900 1.960800 
-2.999400 1.353400 
-0.530610 1.506700 
-2.604600 6.869400 
-2.458600 5.353900 
-4.142100 1.411200 
-0.255870 6.380700 
-0.279430 0.361100 
0.049373 -1.744200 
-0.894440 1.023300 
0.427070 2.273800 
-0.443390 1.393200 
-1.411200 4.172300 
-0.156970 2.347900 
0.069200 4.918600 
-0.836800 8.087900 
-2.152200 4.833500 
1.611400 4.689400 
-1.237900 5.433000 
0.938570 5.787900 
0.551610 2.154400 
1.129900 -1.037200 
-0.718910 2.281900 
0.267460 1.927000 
0.081843 3.639500 
1.040300 5.236400 
-2.255600 0.774590 
-1.358900 8.100000 
-1.768000 6.219600 
2.653500 3.378100 
-1.589300 -0.384680 
1.150400 -0.074975 
0.076176 8.616600 
-1.526200 3.678900 
0.549850 -1.823900 
-0.962500 1.352900 
-3.582600 3.323000 
-1.278000 0.486950 
0.729060 5.669900 
-1.799600 3.782900 
-0.582580 4.875600 
-0.673760 2.436800 
-0.568550 1.183100 
-1.327900 3.848300 
-1.209700 1.086500 
-0.705860 3.550800 
-1.237300 1.704800 
-0.987820 -4.662000 
-0.062815 -0.896730 
-3.269300 -0.026734 
1.000100 7.943300 
-0.617420 4.860100 
-0.893400 3.519100 
-1.661800 2.506100 
-0.221190 7.815000 
-0.185050 -2.626600 
-2.428000 0.144370 
-0.133640 6.303800 
0.438920 3.354800 
1.283000 4.401300 
0.506930 5.787000 
-2.596200 -1.702400 
-0.090697 0.769070 
0.352410 4.675200 
-2.172600 2.686800 
-3.079800 0.539020 
0.957500 0.678820 
-0.299150 -4.136700 
-2.426300 -3.863900 
-0.527360 0.748840 
-2.949100 -3.631500 
-2.592400 4.675800 
-1.206700 5.490700 
0.675600 2.609000 
-1.859600 -2.666300 
-0.002126 7.225600 
-2.544900 -0.585610 
-2.686300 -0.163940 
-0.457360 2.942400 
-2.260800 1.571800 
-0.561390 0.424200 
0.871170 4.565900 
-0.100610 -0.070910 
-1.345300 3.296400 
-0.003084 2.775300 
0.088092 1.289500 
0.082187 3.106100 
1.507100 2.156300 
-1.833300 -0.917290 
-1.987600 3.623400 
1.807300 -0.436690 
0.776100 4.306700 
-0.335660 -0.736470 
-1.416500 7.193600 
-5.259200 -4.311500 
-3.528800 2.638000 
1.208300 4.892000 
-1.439800 -4.967900 
-0.363640 5.463200 
-1.245000 2.266400 
0.368690 1.341400 
-2.392700 -3.306200 
-0.372890 0.564400 
-2.471400 -0.271660 
-0.994290 -0.029393 
0.509420 5.990800 
-3.781700 -5.397200 
-2.561900 5.044800 
1.678000 4.994800 
0.617590 9.238600 
0.693120 1.083200 
0.506480 0.452260 
-0.197220 1.448200 
-0.219560 1.238100 
0.898070 4.780800 
-0.901070 2.566500 
-2.095000 1.901200 
-3.988900 -0.969700 
-1.762700 1.750000 
-0.756100 1.825900 
-1.198100 4.759400 
-0.591950 1.419900 
-3.756700 0.284040 
-1.371400 5.121800 
0.132100 9.647800 
-1.520400 2.698300 
