7.491400 -12.555000 
4.018100 -7.341300 
2.982100 -12.015000 
5.368200 -10.797000 
6.990500 -11.018000 
3.542300 -12.007000 
3.240600 -11.884000 
3.163000 -14.270000 
6.435800 -13.428000 
7.322600 -9.703800 
5.077100 -10.025000 
6.516500 -14.768000 
5.016400 -12.518000 
4.760400 -13.224000 
2.074000 -6.740000 
7.280400 -13.901000 
5.877300 -11.781000 
7.680600 -11.651000 
5.528300 -11.067000 
4.844600 -13.875000 
4.393300 -10.413000 
8.780200 -11.823000 
8.836800 -12.819000 
6.315100 -14.971000 
3.281900 -12.202000 
6.041200 -12.549000 
7.603100 -12.087000 
6.579600 -14.806000 
9.117200 -13.011000 
5.074900 -13.182000 
5.525100 -14.344000 
1.055800 -8.518000 
8.677100 -11.313000 
9.992600 -12.065000 
8.366400 -12.428000 
6.378500 -10.869000 
7.955100 -12.401000 
6.212500 -10.614000 
4.539800 -11.280000 
5.019000 -12.188000 
4.097800 -11.521000 
6.321000 -10.884000 
4.262100 -11.932000 
4.610400 -8.229600 
5.919600 -15.752000 
7.090100 -13.846000 
3.622000 -14.545000 
7.170300 -13.532000 
3.824400 -9.930200 
7.608200 -14.485000 
8.683300 -17.049000 
11.576000 -17.115000 
4.763500 -11.878000 
8.804600 -12.110000 
7.955100 -10.414000 
7.440000 -11.287000 
6.432500 -14.483000 
6.973100 -10.966000 
6.273500 -8.868800 
9.066500 -13.578000 
2.933800 -12.105000 
1.980000 -8.927100 
8.458200 -11.925000 
3.906200 -8.185000 
7.792100 -11.954000 
9.048900 -14.237000 
4.999500 -7.470300 
5.667400 -12.400000 
4.875600 -8.601700 
4.819500 -11.056000 
5.782500 -13.132000 
9.750900 -12.452000 
4.731100 -9.282200 
6.756500 -13.140000 
6.269500 -9.425300 
6.370700 -15.996000 
4.405600 -11.537000 
7.022800 -14.887000 
9.436200 -13.952000 
8.937400 -16.642000 
5.059500 -14.792000 
5.115800 -11.273000 
3.564000 -11.251000 
4.604600 -13.656000 
3.820400 -14.423000 
8.540300 -14.968000 
6.893900 -10.636000 
8.114900 -12.674000 
6.497200 -14.041000 
5.815700 -12.359000 
3.863800 -11.627000 
4.460600 -8.850500 
5.419300 -12.114000 
4.246900 -10.012000 
4.361400 -9.484800 
5.656800 -14.237000 
6.834500 -12.862000 
5.705600 -10.034000 
4.528000 -11.409000 
6.709600 -12.200000 
8.587300 -13.971000 
9.610900 -13.817000 
7.751900 -13.712000 
6.187800 -13.779000 
2.355100 -11.179000 
3.655400 -14.022000 
0.957750 -11.746000 
3.852300 -13.203000 
3.548000 -12.098000 
6.416600 -11.271000 
7.752700 -11.385000 
7.014200 -13.950000 
6.426900 -9.378500 
7.319900 -12.702000 
8.068100 -13.214000 
4.602600 -13.604000 
5.978200 -13.856000 
5.202500 -11.720000 
1.710600 -11.310000 
7.408500 -12.264000 
7.892800 -10.367000 
3.786300 -6.905600 
5.814100 -10.456000 
7.696800 -10.300000 
7.325700 -13.370000 
8.993500 -13.601000 
3.494300 -8.551300 
7.296600 -11.527000 
3.480800 -12.675000 
9.266900 -12.908000 
9.575700 -14.932000 
3.991100 -12.939000 
9.349300 -13.789000 
6.656200 -15.421000 
6.549900 -12.129000 
7.153400 -13.706000 
6.217600 -11.394000 
7.289900 -12.837000 
9.453600 -12.211000 
6.552700 -12.624000 
4.851600 -11.715000 
5.191700 -8.837400 
5.044900 -9.985100 
6.404300 -10.671000 
6.647900 -11.302000 
6.990200 -16.318000 
5.402000 -11.791000 
5.541700 -14.483000 
8.082800 -15.312000 
4.603700 -12.774000 
5.110100 -7.470300 
5.204900 -13.549000 
8.352500 -14.080000 
5.735800 -12.102000 
8.308400 -10.468000 
3.755000 -13.432000 
3.132900 -7.518100 
7.447800 -12.346000 
4.378300 -9.010900 
5.825800 -8.347100 
5.450500 -12.830000 
6.250700 -12.074000 
5.700700 -10.505000 
6.522000 -14.969000 
4.551400 -13.249000 
6.936100 -9.609700 
6.492400 -11.711000 
2.759700 -7.016500 
6.641400 -13.522000 
8.290300 -13.228000 
6.030400 -12.341000 
5.807000 -9.894500 
3.070000 -10.915000 
6.615800 -9.759000 
5.383200 -12.135000 
6.462600 -11.809000 
3.179500 -11.614000 
6.218600 -13.581000 
3.666300 -9.500400 
5.673400 -11.710000 
7.677700 -12.137000 
5.620800 -11.027000 
6.710300 -9.625500 
3.786200 -10.797000 
6.020100 -10.953000 
7.026400 -6.793500 
3.920700 -8.147100 
3.987200 -7.290600 
7.634200 -11.917000 
7.365400 -10.513000 
4.996100 -10.291000 
7.258200 -12.490000 
6.869600 -9.542100 
4.180700 -9.378100 
4.661800 -12.392000 
5.150500 -13.900000 
6.132700 -11.814000 
7.882800 -14.221000 
4.850900 -12.210000 
6.908900 -14.589000 
7.606000 -14.212000 
3.863100 -12.311000 
6.714500 -11.540000 
6.010800 -11.421000 
8.387400 -14.708000 
7.744600 -14.091000 
4.206700 -10.816000 
5.103600 -10.869000 
4.924100 -14.929000 
6.871900 -14.308000 
7.015300 -14.448000 
5.719100 -10.272000 
6.321700 -11.679000 
5.700500 -11.848000 
5.598300 -12.170000 
8.403900 -12.812000 
6.748700 -13.822000 
7.437900 -12.660000 
6.354300 -14.487000 
5.036000 -12.319000 
6.741300 -13.519000 
3.851700 -11.935000 
7.699100 -13.855000 
4.868400 -9.665300 
8.881100 -13.142000 
6.345200 -8.952700 
4.588500 -11.793000 
6.187500 -12.797000 
6.567800 -10.387000 
6.996100 -12.859000 
8.304300 -13.082000 
2.461700 -10.781000 
3.547100 -11.749000 
1.994600 -9.996000 
3.222700 -10.434000 
5.648000 -13.490000 
3.564800 -12.022000 
4.655000 -9.769800 
9.116200 -12.178000 
6.342000 -14.318000 
3.733700 -7.537200 
6.722600 -11.374000 
6.296700 -9.052300 
8.283800 -9.965700 
6.168000 -14.333000 
7.692200 -12.621000 
9.454200 -9.585900 
8.326500 -17.170000 
5.401700 -12.052000 
5.288900 -12.447000 
4.859500 -10.257000 
5.353500 -14.923000 
7.636300 -14.575000 
9.149900 -8.113200 
5.448200 -10.578000 
8.038100 -12.352000 
3.545200 -10.509000 
6.716600 -8.646700 
5.015400 -13.647000 
5.706300 -12.350000 
7.641900 -11.753000 
7.659100 -15.094000 
7.382000 -13.709000 
6.189100 -12.427000 
5.573000 -12.377000 
5.028200 -9.240000 
5.158400 -14.359000 
1.992300 -5.641500 
4.709100 -10.853000 
8.032700 -12.314000 
5.871500 -12.464000 
5.836700 -13.877000 
4.563200 -14.424000 
5.476000 -11.337000 
7.368600 -11.578000 
8.448900 -13.600000 
6.756600 -8.281000 
9.313700 -15.447000 
5.717600 -11.276000 
5.896900 -13.361000 
7.934600 -15.406000 
6.705700 -14.912000 
7.960300 -14.101000 
6.870900 -12.800000 
6.368200 -8.878900 
7.228500 -13.681000 
6.321600 -10.639000 
5.214000 -10.187000 
8.284400 -14.411000 
3.924900 -9.502200 
6.331800 -12.702000 
6.298400 -11.147000 
6.464900 -10.545000 
7.145600 -12.716000 
5.131800 -11.000000 
5.794000 -13.038000 
7.226000 -12.819000 
5.636200 -12.381000 
8.267600 -12.691000 
4.604700 -10.232000 
4.042700 -10.517000 
1.813500 -8.284500 
7.160000 -11.980000 
6.767200 -15.378000 
7.310300 -12.523000 
5.916500 -13.235000 
7.891900 -13.058000 
4.746900 -13.634000 
5.938200 -14.623000 
5.127100 -10.290000 
5.418600 -11.923000 
5.636100 -12.003000 
6.108900 -13.798000 
7.187800 -14.478000 
3.974900 -7.615100 
3.280300 -8.616800 
6.102500 -12.067000 
7.833300 -14.459000 
5.306000 -9.709100 
7.450900 -15.037000 
5.637900 -15.621000 
7.203400 -12.759000 
6.024400 -7.342300 
6.407100 -10.712000 
7.373500 -11.335000 
5.798100 -13.298000 
7.182500 -11.401000 
4.732000 -13.258000 
4.594400 -11.311000 
4.772400 -12.665000 
5.930300 -12.765000 
7.323600 -9.781700 
4.251900 -10.203000 
5.128300 -9.789900 
5.748400 -10.519000 
7.290400 -12.284000 
6.488100 -9.446900 
5.530900 -12.337000 
5.081200 -10.618000 
8.755500 -14.758000 
4.539400 -9.395700 
7.653500 -15.098000 
2.557100 -12.464000 
5.108600 -13.529000 
7.334300 -12.435000 
7.579200 -11.259000 
6.476900 -14.463000 
7.485700 -9.499900 
6.363300 -11.706000 
4.501200 -13.298000 
5.645800 -11.027000 
2.708400 -9.359000 
6.274900 -12.661000 
4.731500 -9.861400 
6.027800 -12.482000 
9.148400 -16.105000 
5.812800 -11.998000 
4.899900 -10.609000 
1.695300 -10.955000 
5.877800 -11.350000 
3.433700 -11.937000 
7.736500 -11.527000 
4.307000 -10.872000 
6.025700 -13.745000 
7.708800 -13.284000 
4.786900 -12.197000 
6.396200 -10.285000 
4.750200 -13.015000 
4.584600 -14.989000 
2.875800 -9.948900 
5.265800 -14.814000 
7.986500 -17.295000 
4.922300 -10.794000 
6.544000 -12.439000 
5.920500 -10.306000 
